# Region type :   patch ambient_openings
# Faces           : 8098
# Area            : 2.0799987579e+00
# Scale factor    : 1.0000000000e+00
# Time            	sumMag(phi)
0.000112          	4.3304197819e-05
0.0001264         	4.8864114388e-05
0.00014368        	5.5532942691e-05
0.000164416       	6.3535290967e-05
0.0001892992      	7.3141233100e-05
0.0002142992      	8.2787944751e-05
0.0002392992      	9.2437662537e-05
0.0002642992      	1.0209510179e-04
0.0002892992      	1.1175190764e-04
0.0003142992      	1.2140377784e-04
0.0003392992      	1.3105368054e-04
0.0003642992      	1.4070035879e-04
0.0003892992      	1.5034862677e-04
0.0004142992      	1.5999455478e-04
0.0004392992      	1.6964167583e-04
0.0004642992      	1.7928667420e-04
0.0004892992      	1.8893133133e-04
0.0005142992      	1.9857524668e-04
0.0005392992      	2.0821771591e-04
0.0005642992      	2.1785984061e-04
0.0005892992      	2.2750038485e-04
0.0006142992      	2.3714043155e-04
0.0006392992      	2.4677848707e-04
0.0006642992      	2.5641609248e-04
0.0006892992      	2.6605183231e-04
0.0007142992      	2.7568738238e-04
0.0007392992      	2.8532098079e-04
0.0007642992      	2.9495444661e-04
0.0007892992      	3.0458579453e-04
0.0008142992      	3.1421689642e-04
0.0008392992      	3.2384614211e-04
0.0008642992      	3.3347490983e-04
0.0008892992      	3.4310238430e-04
0.0009142992      	3.5272867744e-04
0.0009392992      	3.6235417069e-04
0.0009642992      	3.7197777580e-04
0.0009892992      	3.8160148342e-04
0.0010142992      	3.9122244350e-04
0.0010392992      	4.0084427303e-04
0.0010642992      	4.1046282802e-04
0.0010892992      	4.2008279650e-04
0.0011142992      	4.2969930880e-04
0.0011392992      	4.3931704875e-04
0.0011642992      	4.4893172936e-04
0.0011892992      	4.5854708501e-04
0.0012142992      	4.6815981201e-04
0.0012392992      	4.7777280374e-04
0.0012642992      	4.8738363104e-04
0.0012892992      	4.9699417395e-04
0.0013142992      	5.0660301173e-04
0.0013392992      	5.1621126824e-04
0.0013642992      	5.2581808299e-04
0.0013892992      	5.3542406970e-04
0.0014142992      	5.4502876754e-04
0.0014392992      	5.5463245331e-04
0.0014642992      	5.6423502381e-04
0.0014892992      	5.7383640309e-04
0.0015142992      	5.8343707825e-04
0.0015392992      	5.9303622161e-04
0.0015642992      	6.0263484923e-04
0.0015892992      	6.1223147339e-04
0.0016142992      	6.2182801650e-04
0.0016392992      	6.3142217155e-04
0.0016642992      	6.4101657800e-04
0.0016892992      	6.5060821566e-04
0.0017142992      	6.6020030947e-04
0.0017392992      	6.6978950668e-04
0.0017642992      	6.7937930738e-04
0.0017892992      	6.8896619334e-04
0.0018142992      	6.9855363261e-04
0.0018392992      	7.0813820999e-04
0.0018642992      	7.1772322829e-04
0.0018892992      	7.2730546350e-04
0.0019142992      	7.3688811423e-04
0.0019392992      	7.4646806222e-04
0.0019642992      	7.5604828656e-04
0.0019892992      	7.6562603723e-04
0.0020142992      	7.7520400029e-04
0.0020392992      	7.8477949470e-04
0.0020642992      	7.9435490002e-04
0.0020892992      	8.0392789035e-04
0.0021142992      	8.1350071772e-04
0.0021392992      	8.2307122825e-04
0.0021642992      	8.3264155716e-04
0.0021892992      	8.4220967747e-04
0.0022142992      	8.5177757807e-04
0.0022392992      	8.6134334396e-04
0.0022642992      	8.7090880717e-04
0.0022892992      	8.8047217621e-04
0.0023142992      	8.9003519865e-04
0.0023392992      	8.9959630929e-04
0.0023642992      	9.0915684272e-04
0.0023892992      	9.1871566273e-04
0.0024142992      	9.2827365098e-04
0.0024392992      	9.3783020939e-04
0.0024642992      	9.4738564119e-04
0.0024892992      	9.5694001092e-04
0.0025142992      	9.6649294048e-04
0.0025392992      	9.7604501153e-04
0.0025642992      	9.8559542110e-04
0.0025892992      	9.9514512254e-04
0.0026142992      	1.0046929813e-03
0.0026392992      	1.0142403088e-03
0.0026642992      	1.0237857040e-03
0.0026892992      	1.0333307059e-03
0.0027142992      	1.0428736893e-03
0.0027392992      	1.0524163498e-03
0.0027642992      	1.0619569345e-03
0.0027892992      	1.0714971652e-03
0.0028142992      	1.0810352624e-03
0.0028392992      	1.0905730413e-03
0.0028642992      	1.1001087667e-03
0.0028892992      	1.1096440888e-03
0.0029142992      	1.1191774709e-03
0.0029392992      	1.1287104310e-03
0.0029642992      	1.1382416066e-03
0.0029892992      	1.1477721639e-03
0.0030142992      	1.1573010197e-03
0.0030392992      	1.1668291713e-03
0.0030642992      	1.1763558407e-03
0.0030892992      	1.1858816568e-03
0.0031142992      	1.1954061085e-03
0.0031392992      	1.2049295708e-03
0.0031642992      	1.2144516926e-03
0.0031892992      	1.2239727070e-03
0.0032142992      	1.2334925103e-03
0.0032392992      	1.2430110870e-03
0.0032642992      	1.2525285109e-03
0.0032892992      	1.2620447657e-03
0.0033142992      	1.2715599349e-03
0.0033392992      	1.2810738839e-03
0.0033642992      	1.2905867734e-03
0.0033892992      	1.3000984267e-03
0.0034142992      	1.3096091376e-03
0.0034392992      	1.3191184841e-03
0.0034642992      	1.3286269374e-03
0.0034892992      	1.3381339406e-03
0.0035142992      	1.3476399602e-03
0.0035392992      	1.3571444233e-03
0.0035642992      	1.3666479365e-03
0.0035892992      	1.3761500057e-03
0.0036142992      	1.3856512839e-03
0.0036392992      	1.3951510570e-03
0.0036642992      	1.4046500337e-03
0.0036892992      	1.4141475157e-03
0.0037142992      	1.4236442783e-03
0.0037392992      	1.4331395290e-03
0.0037642992      	1.4426340429e-03
0.0037892992      	1.4521270036e-03
0.0038142992      	1.4616191359e-03
0.0038392992      	1.4711098422e-03
0.0038642992      	1.4805997273e-03
0.0038892992      	1.4900882965e-03
0.0039142992      	1.4995759097e-03
0.0039392992      	1.5090621018e-03
0.0039642992      	1.5185474578e-03
0.0039892992      	1.5280315099e-03
0.0040142992      	1.5375146560e-03
0.0040392992      	1.5469965048e-03
0.0040642992      	1.5564774471e-03
0.0040892992      	1.5659571296e-03
0.0041142992      	1.5754359005e-03
0.0041392992      	1.5849134477e-03
0.0041642992      	1.5943899715e-03
0.0041892992      	1.6038653186e-03
0.0042142992      	1.6133397349e-03
0.0042392992      	1.6228130222e-03
0.0042642992      	1.6322853528e-03
0.0042892992      	1.6417563405e-03
0.0043142992      	1.6512262536e-03
0.0043392992      	1.6606949687e-03
0.0043642992      	1.6701626897e-03
0.0043892992      	1.6796291256e-03
0.0044142992      	1.6890944687e-03
0.0044392992      	1.6985586235e-03
0.0044642992      	1.7080218106e-03
0.0044892992      	1.7174838944e-03
0.0045142992      	1.7269449936e-03
0.0045392992      	1.7364048886e-03
0.0045642992      	1.7458637819e-03
0.0045892992      	1.7553214422e-03
0.0046142992      	1.7647780576e-03
0.0046392992      	1.7742334205e-03
0.0046642992      	1.7836878972e-03
0.0046892992      	1.7931411479e-03
0.0047142992      	1.8025935496e-03
0.0047392992      	1.8120446875e-03
0.0047642992      	1.8214948470e-03
0.0047892992      	1.8309437196e-03
0.0048142992      	1.8403916437e-03
0.0048392992      	1.8498384076e-03
0.0048642992      	1.8592840407e-03
0.0048892992      	1.8687284864e-03
0.0049142992      	1.8781719793e-03
0.0049392992      	1.8876142639e-03
0.0049642992      	1.8970554768e-03
0.0049892992      	1.9064953191e-03
0.0050142992      	1.9159340239e-03
0.0050392992      	1.9253717513e-03
0.0050642992      	1.9348085926e-03
0.0050892992      	1.9442443555e-03
0.0051142992      	1.9536791989e-03
0.0051392992      	1.9631129048e-03
0.0051642992      	1.9725456704e-03
0.0051892992      	1.9819773646e-03
0.0052142992      	1.9914082471e-03
0.0052392992      	2.0008380499e-03
0.0052642992      	2.0102669997e-03
0.0052892992      	2.0196947802e-03
0.0053142992      	2.0291217182e-03
0.0053392992      	2.0385475231e-03
0.0053642992      	2.0479722778e-03
0.0053892992      	2.0573958662e-03
0.0054142992      	2.0668183577e-03
0.0054392992      	2.0762397390e-03
0.0054642992      	2.0856601477e-03
0.0054892992      	2.0950795119e-03
0.0055142992      	2.1044979463e-03
0.0055392992      	2.1139152793e-03
0.0055642992      	2.1233317056e-03
0.0055892992      	2.1327471709e-03
0.0056142992      	2.1421616268e-03
0.0056392992      	2.1515750471e-03
0.0056642992      	2.1609874245e-03
0.0056892992      	2.1703988080e-03
0.0057142992      	2.1798091192e-03
0.0057392992      	2.1892184727e-03
0.0057642992      	2.1986269241e-03
0.0057892992      	2.2080344324e-03
0.0058142992      	2.2174409292e-03
0.0058392992      	2.2268464428e-03
0.0058642992      	2.2362510447e-03
0.0058892992      	2.2456548047e-03
0.0059142992      	2.2550576125e-03
0.0059392992      	2.2644593387e-03
0.0059642992      	2.2738600130e-03
0.0059892992      	2.2832597014e-03
0.0060142992      	2.2926585725e-03
0.0060392992      	2.3020566655e-03
0.0060642992      	2.3114537809e-03
0.0060892992      	2.3208498803e-03
0.0061142992      	2.3302448761e-03
0.0061392992      	2.3396388481e-03
0.0061642992      	2.3490317892e-03
0.0061892992      	2.3584236783e-03
0.0062142992      	2.3678145283e-03
0.0062392992      	2.3772043242e-03
0.0062642992      	2.3865931021e-03
0.0062892992      	2.3959810770e-03
0.0063142992      	2.4053681588e-03
0.0063392992      	2.4147543707e-03
0.0063642992      	2.4241396130e-03
0.0063892992      	2.4335238686e-03
0.0064142992      	2.4429072112e-03
0.0064392992      	2.4522894632e-03
0.0064642992      	2.4616707178e-03
0.0064892992      	2.4710509263e-03
0.0065142992      	2.4804301329e-03
0.0065392992      	2.4898083084e-03
0.0065642992      	2.4991854903e-03
0.0065892992      	2.5085616382e-03
0.0066142992      	2.5179369173e-03
0.0066392992      	2.5273112288e-03
0.0066642992      	2.5366845501e-03
0.0066892992      	2.5460568479e-03
0.0067142992      	2.5554282583e-03
0.0067392992      	2.5647985443e-03
0.0067642992      	2.5741678158e-03
0.0067892992      	2.5835362030e-03
0.0068142992      	2.5929037481e-03
0.0068392992      	2.6022703897e-03
0.0068642992      	2.6116361657e-03
0.0068892992      	2.6210007533e-03
0.0069142992      	2.6303642646e-03
0.0069392992      	2.6397266250e-03
0.0069642992      	2.6490880960e-03
0.0069892992      	2.6584486259e-03
0.0070142992      	2.6678081697e-03
0.0070392992      	2.6771667614e-03
0.0070642992      	2.6865244145e-03
0.0070892992      	2.6958811561e-03
0.0071142992      	2.7052369272e-03
0.0071392992      	2.7145917184e-03
0.0071642992      	2.7239454509e-03
0.0071892992      	2.7332982432e-03
0.0072142992      	2.7426500616e-03
0.0072392992      	2.7520008188e-03
0.0072642992      	2.7613506103e-03
0.0072892992      	2.7706993011e-03
0.0073142992      	2.7800468406e-03
0.0073392992      	2.7893932739e-03
0.0073642992      	2.7987385200e-03
0.0073892992      	2.8080827421e-03
0.0074142992      	2.8174258599e-03
0.0074392992      	2.8267680234e-03
0.0074642992      	2.8361090914e-03
0.0074892992      	2.8454491230e-03
0.0075142992      	2.8547880712e-03
0.0075392992      	2.8641260754e-03
0.0075642992      	2.8734629712e-03
0.0075892992      	2.8827988217e-03
0.0076142992      	2.8921333776e-03
0.0076392992      	2.9014667917e-03
0.0076642992      	2.9107989792e-03
0.0076892992      	2.9201300227e-03
0.0077142992      	2.9294601046e-03
0.0077392992      	2.9387891060e-03
0.0077642992      	2.9481169936e-03
0.0077892992      	2.9574438135e-03
0.0078142992      	2.9667695848e-03
0.0078392992      	2.9760941935e-03
0.0078642992      	2.9854176140e-03
0.0078892992      	2.9947396607e-03
0.0079142992      	3.0040603754e-03
0.0079392992      	3.0133796952e-03
0.0079642992      	3.0226977817e-03
0.0079892992      	3.0320146243e-03
0.0080142992      	3.0413302338e-03
0.0080392992      	3.0506447421e-03
0.0080642992      	3.0599580442e-03
0.0080892992      	3.0692700015e-03
0.0081142992      	3.0785804766e-03
0.0081392992      	3.0878895441e-03
0.0081642992      	3.0971972486e-03
0.0081892992      	3.1065037428e-03
0.0082142992      	3.1158090892e-03
0.0082392992      	3.1251133139e-03
0.0082642992      	3.1344163686e-03
0.0082892992      	3.1437180131e-03
0.0083142992      	3.1530183342e-03
0.0083392992      	3.1623172633e-03
0.0083642992      	3.1716148937e-03
0.0083892992      	3.1809113197e-03
0.0084142992      	3.1902064560e-03
0.0084392992      	3.1995003922e-03
0.0084642992      	3.2087930121e-03
0.0084892992      	3.2180843470e-03
0.0085142992      	3.2273745518e-03
0.0085392992      	3.2366636262e-03
0.0085642992      	3.2459515155e-03
0.0085892992      	3.2552380724e-03
0.0086142992      	3.2645233392e-03
0.0086392992      	3.2738072464e-03
0.0086642992      	3.2830899961e-03
0.0086892992      	3.2923714849e-03
0.0087142992      	3.3016518256e-03
