# Region type :   patch ambient_openings
# Faces           : 8098
# Area            : 2.0799987579e+00
# Scale factor    : 1.0000000000e+00
# Time            	sum(phi)
1.42361397e-05    	2.0851774964e-11
3.021280672e-05   	2.1260369753e-11
4.760630613e-05   	-2.2268719502e-11
6.498408032e-05   	-7.4351401907e-12
8.235100186e-05   	-7.1076524793e-12
9.971116817e-05   	-6.2528414927e-12
0.0001170668082   	-9.6341729353e-13
0.000134418889    	1.0596864369e-11
0.0001517676584   	1.4053170059e-11
0.0001691130021   	1.5994452724e-11
0.0001864546559   	1.2201412610e-11
0.000203792362    	1.2717451143e-11
0.0002211259607   	1.3766790374e-11
0.0002384554205   	1.2422389980e-11
0.0002557808549   	1.0823116546e-11
0.0002731025371   	4.1848954586e-12
0.0002904208275   	3.6658887866e-12
0.0003077361327   	3.5421736209e-12
0.0003250488946   	3.6244238947e-12
0.0003423595694   	3.6375914217e-12
0.0003596685799   	3.9031138618e-12
0.0003769763083   	3.9439297368e-12
0.0003942830905   	3.7953181179e-12
0.0004115892761   	4.2506145359e-12
0.0004288952128   	4.2665439324e-12
0.0004462012165   	5.1577840984e-12
0.0004635075574   	6.2566821434e-12
0.0004808144664   	5.0949988857e-12
0.0004981221232   	5.6476211647e-12
0.0005154307046   	8.1509216829e-12
0.0005327403474   	7.0393914086e-12
0.0005500511544   	7.9790606224e-12
0.0005673631974   	9.0867347826e-12
0.0005846765113   	7.9229353520e-12
0.0006019911017   	7.9450058593e-12
0.0006193069512   	9.2438220571e-12
0.0006366232668   	1.0553781238e-11
0.0006539321231   	1.0521241349e-11
0.0006712335908   	1.0501374117e-11
0.0006885277376   	9.7081077037e-12
0.0007058146424   	9.6883170025e-12
0.0007230943975   	9.7175148516e-12
0.0007403671081   	9.0565249798e-12
0.0007576328948   	8.4125138903e-12
0.0007748918905   	7.8696446874e-12
0.0007921442381   	7.0408907518e-12
0.0008093900883   	6.9089557480e-12
0.0008266296009   	6.8501783293e-12
0.0008438629421   	6.9061448319e-12
0.0008610902814   	6.8730741449e-12
0.0008783117946   	6.9103338232e-12
0.0008955276611   	6.9316335305e-12
0.0009127380584   	6.5413105569e-12
0.0009299431599   	6.4748580981e-12
0.0009471431335   	6.6186078292e-12
0.0009643381412   	6.6258192373e-12
0.0009815283419   	6.5285757215e-12
0.000998713892    	6.5188733318e-12
0.001015894945    	6.4141949944e-12
0.001033071651    	6.4127317416e-12
0.001050244151    	6.4525643129e-12
0.001067412582    	6.1309810310e-12
0.001084577073    	6.2412666317e-12
0.001101737746    	6.3761535385e-12
0.001118894717    	5.9831007472e-12
0.001136048091    	9.6433695176e-12
0.001153197968    	6.1603292996e-12
0.001170344442    	6.1299773715e-12
0.001187487599    	9.4655273203e-12
0.001204627517    	9.5045097687e-12
0.001221764263    	9.4280352703e-12
0.001238897899    	9.3473641642e-12
0.001256028481    	9.1970054348e-12
0.001273156058    	9.2467517204e-12
0.001290280671    	9.0057581211e-12
0.001307402357    	9.0955775491e-12
0.001324521145    	8.9657178708e-12
0.001341637064    	9.0444045753e-12
0.001358750136    	8.8284892092e-12
0.001375860385    	8.8818218324e-12
0.001392967828    	8.6743771210e-12
0.001410072482    	8.6314574330e-12
0.001427174363    	8.5627266318e-12
0.001444273483    	8.6461534953e-12
0.001461369858    	8.0999578111e-12
0.001478463499    	8.5034272917e-12
0.001495554417    	8.1229830669e-12
0.001512642622    	8.3291945118e-12
0.001529728118    	8.2325840345e-12
0.001546810911    	8.2271399979e-12
0.001563891002    	8.0627882300e-12
0.001580968395    	8.2087627575e-12
0.00159804309     	8.1267060681e-12
0.001615115099    	7.8243151433e-12
0.001632157489    	8.0551117398e-12
0.001649167269    	7.9623054840e-12
0.001666153311    	7.5207609373e-12
0.001683123428    	7.8168095640e-12
0.001700066811    	7.3782606001e-12
0.001716975762    	7.3453785643e-12
0.001733857684    	7.4434680289e-12
0.001750719722    	7.2954726705e-12
0.001767541049    	7.3941340924e-12
0.001784321873    	7.4870998480e-12
0.001801069508    	7.4641448214e-12
0.001817791305    	7.1686894566e-12
0.00183447163     	7.4710553906e-12
0.001851113101    	7.2428130659e-12
0.001867722048    	7.0947093686e-12
0.001884304469    	7.2042181926e-12
0.001900866271    	7.4281083536e-12
0.001917413169    	7.0768309019e-12
0.00193394188     	7.4397209991e-12
0.001950442985    	7.1919124573e-12
0.001966921398    	7.2865182448e-12
0.001983381825    	7.0799451913e-12
0.00199982916     	7.4291414492e-12
0.002016269339    	6.6945660034e-12
0.002032708298    	7.5289707194e-12
0.002049151788    	6.8712023782e-12
0.002065605408    	7.1824508960e-12
0.002082074727    	6.7190649203e-12
0.002098520977    	7.3809279543e-12
0.002114936714    	6.6429489134e-12
0.002131324904    	7.1664017765e-12
0.002147688512    	6.1917489636e-12
0.002164030862    	6.8925790233e-12
0.002180355304    	5.7134469817e-12
0.002196663729    	6.8987418453e-12
0.002212950412    	5.0124169545e-12
0.002229216489    	6.3428429447e-12
0.002245463023    	4.9725153330e-12
0.002261691007    	5.9298364694e-12
0.002277901457    	4.3501719018e-12
0.002294095359    	4.7371716332e-12
0.002310273729    	4.0911570870e-12
0.0023264376      	5.1700732725e-12
0.002342588028    	3.8079672065e-12
0.002358726095    	4.0568157422e-12
0.002374852872    	2.3169941714e-12
0.002390969453    	4.2312386098e-12
0.002407076902    	2.3737072827e-12
0.002423176265    	3.3084120160e-12
0.002439268525    	1.9502134689e-12
0.002455354641    	3.2985713228e-12
0.002471435543    	2.0817583090e-12
0.002487512061    	3.4925583069e-12
0.002503584992    	1.1957908351e-12
0.002519655077    	2.7291244351e-12
0.002535723151    	1.3863905141e-12
0.002551790074    	2.9758096215e-12
0.002567856682    	-9.5954480798e-14
0.002583923808    	1.5603525552e-12
0.002599992346    	-8.7304675208e-13
0.002616057141    	1.2053555175e-12
0.002632112558    	-1.2730473278e-12
0.002648159965    	9.9711425640e-13
0.002664200736    	-7.5458899112e-13
0.002680236251    	1.4494062959e-12
0.002696267912    	-1.5114810445e-12
0.002712297179    	1.4164825996e-12
0.00272832558     	-1.4238097599e-12
0.002744354575    	9.8592233553e-13
0.002760385556    	-1.5525065364e-12
0.002776419747    	1.1164885206e-12
0.002792458251    	-2.4720552347e-12
0.00280850207     	7.0682985832e-13
0.002824552156    	-2.9598955123e-12
0.002840609302    	7.5524635645e-13
0.002856674036    	-3.1596545719e-12
0.00287274669     	1.2021646428e-12
0.00288882752     	-4.2410599230e-12
