# Region type :   patch ambient_openings
# Faces           : 8098
# Area            : 2.0799987579e+00
# Scale factor    : 1.0000000000e+00
# Time            	sumMag(phi)
1.42361397e-05    	1.4996780599e-01
3.021280672e-05   	1.4999558663e-01
4.760630613e-05   	1.4999668215e-01
6.498408032e-05   	1.4999055778e-01
8.235100186e-05   	1.4998550384e-01
9.971116817e-05   	1.4998224510e-01
0.0001170668082   	1.4997995934e-01
0.000134418889    	1.4997817676e-01
0.0001517676584   	1.4997664196e-01
0.0001691130021   	1.4997526954e-01
0.0001864546559   	1.4997402369e-01
0.000203792362    	1.4997290911e-01
0.0002211259607   	1.4997191911e-01
0.0002384554205   	1.4997102019e-01
0.0002557808549   	1.4997022042e-01
0.0002731025371   	1.4996950162e-01
0.0002904208275   	1.4996885216e-01
0.0003077361327   	1.4996826461e-01
0.0003250488946   	1.4996773837e-01
0.0003423595694   	1.4996726486e-01
0.0003596685799   	1.4996683649e-01
0.0003769763083   	1.4996645014e-01
0.0003942830905   	1.4996610481e-01
0.0004115892761   	1.4996579638e-01
0.0004288952128   	1.4996551976e-01
0.0004462012165   	1.4996527759e-01
0.0004635075574   	1.4996506590e-01
0.0004808144664   	1.4996487642e-01
0.0004981221232   	1.4996471339e-01
0.0005154307046   	1.4996456937e-01
0.0005327403474   	1.4996444282e-01
0.0005500511544   	1.4996433344e-01
0.0005673631974   	1.4996423951e-01
0.0005846765113   	1.4996416043e-01
0.0006019911017   	1.4996409945e-01
0.0006193069512   	1.4996405023e-01
0.0006366232668   	1.4996401364e-01
0.0006539321231   	1.4996398907e-01
0.0006712335908   	1.4996399089e-01
0.0006885277376   	1.4996400528e-01
0.0007058146424   	1.4996403150e-01
0.0007230943975   	1.4996406824e-01
0.0007403671081   	1.4996411430e-01
0.0007576328948   	1.4996416981e-01
0.0007748918905   	1.4996423274e-01
0.0007921442381   	1.4996430742e-01
0.0008093900883   	1.4996439288e-01
0.0008266296009   	1.4996448360e-01
0.0008438629421   	1.4996458227e-01
0.0008610902814   	1.4996468922e-01
0.0008783117946   	1.4996480296e-01
0.0008955276611   	1.4996492258e-01
0.0009127380584   	1.4996504764e-01
0.0009299431599   	1.4996517816e-01
0.0009471431335   	1.4996531451e-01
0.0009643381412   	1.4996545635e-01
0.0009815283419   	1.4996560277e-01
0.000998713892    	1.4996575412e-01
0.001015894945    	1.4996591018e-01
0.001033071651    	1.4996607048e-01
0.001050244151    	1.4996623489e-01
0.001067412582    	1.4996640400e-01
0.001084577073    	1.4996657684e-01
0.001101737746    	1.4996675295e-01
0.001118894717    	1.4996693323e-01
0.001136048091    	1.4996711638e-01
0.001153197968    	1.4996730297e-01
0.001170344442    	1.4996749254e-01
0.001187487599    	1.4996768534e-01
0.001204627517    	1.4996788096e-01
0.001221764263    	1.4996807987e-01
0.001238897899    	1.4996828246e-01
0.001256028481    	1.4996848788e-01
0.001273156058    	1.4996869598e-01
0.001290280671    	1.4996890670e-01
0.001307402357    	1.4996911985e-01
0.001324521145    	1.4996933527e-01
0.001341637064    	1.4996955356e-01
0.001358750136    	1.4996977440e-01
0.001375860385    	1.4996999795e-01
0.001392967828    	1.4997022356e-01
0.001410072482    	1.4997045109e-01
0.001427174363    	1.4997068059e-01
0.001444273483    	1.4997091207e-01
0.001461369858    	1.4997114535e-01
0.001478463499    	1.4997138075e-01
0.001495554417    	1.4997161800e-01
0.001512642622    	1.4997185713e-01
0.001529728118    	1.4997209798e-01
0.001546810911    	1.4997234061e-01
0.001563891002    	1.4997258482e-01
0.001580968395    	1.4997283071e-01
0.00159804309     	1.4997307853e-01
0.001615115099    	1.4997332806e-01
0.001632157489    	1.4997357845e-01
0.001649167269    	1.4997382931e-01
0.001666153311    	1.4997408083e-01
0.001683123428    	1.4997433335e-01
0.001700066811    	1.4997458705e-01
0.001716975762    	1.4997484121e-01
0.001733857684    	1.4997509598e-01
0.001750719722    	1.4997535172e-01
0.001767541049    	1.4997560791e-01
0.001784321873    	1.4997586433e-01
0.001801069508    	1.4997612099e-01
0.001817791305    	1.4997637815e-01
0.00183447163     	1.4997663548e-01
0.001851113101    	1.4997689298e-01
0.001867722048    	1.4997715065e-01
0.001884304469    	1.4997740877e-01
0.001900866271    	1.4997766795e-01
0.001917413169    	1.4997792782e-01
0.00193394188     	1.4997818828e-01
0.001950442985    	1.4997844908e-01
0.001966921398    	1.4997871021e-01
0.001983381825    	1.4997897168e-01
0.00199982916     	1.4997923377e-01
0.002016269339    	1.4997949659e-01
0.002032708298    	1.4997976042e-01
0.002049151788    	1.4998002538e-01
0.002065605408    	1.4998029156e-01
0.002082074727    	1.4998055910e-01
0.002098520977    	1.4998082737e-01
0.002114936714    	1.4998109562e-01
0.002131324904    	1.4998136377e-01
0.002147688512    	1.4998163187e-01
0.002164030862    	1.4998190009e-01
0.002180355304    	1.4998216851e-01
0.002196663729    	1.4998243723e-01
0.002212950412    	1.4998270595e-01
0.002229216489    	1.4998297469e-01
0.002245463023    	1.4998324350e-01
0.002261691007    	1.4998351254e-01
0.002277901457    	1.4998378178e-01
0.002294095359    	1.4998405118e-01
0.002310273729    	1.4998432078e-01
0.0023264376      	1.4998459065e-01
0.002342588028    	1.4998486097e-01
0.002358726095    	1.4998513157e-01
0.002374852872    	1.4998540260e-01
0.002390969453    	1.4998567409e-01
0.002407076902    	1.4998594580e-01
0.002423176265    	1.4998621912e-01
0.002439268525    	1.4998649517e-01
0.002455354641    	1.4998677153e-01
0.002471435543    	1.4998704821e-01
0.002487512061    	1.4998732519e-01
0.002503584992    	1.4998760251e-01
0.002519655077    	1.4998788001e-01
0.002535723151    	1.4998815773e-01
0.002551790074    	1.4998843582e-01
0.002567856682    	1.4998871412e-01
0.002583923808    	1.4998899278e-01
0.002599992346    	1.4998927197e-01
0.002616057141    	1.4998955148e-01
0.002632112558    	1.4998983124e-01
0.002648159965    	1.4999011114e-01
0.002664200736    	1.4999039107e-01
0.002680236251    	1.4999067028e-01
0.002696267912    	1.4999095046e-01
0.002712297179    	1.4999123467e-01
0.00272832558     	1.4999151830e-01
0.002744354575    	1.4999180259e-01
0.002760385556    	1.4999208741e-01
0.002776419747    	1.4999237259e-01
0.002792458251    	1.4999265816e-01
0.00280850207     	1.4999294403e-01
0.002824552156    	1.4999323027e-01
0.002840609302    	1.4999351674e-01
0.002856674036    	1.4999380356e-01
0.00287274669     	1.4999409029e-01
0.00288882752     	1.4999437860e-01
