# Probe 0 (-0.111 0.039 0.008)
# Probe 1 (-0.111 0.039 0.02)
# Probe 2 (-0.111 0.046 0.004)
# Probe 3 (-0.111 0.06 0.004)
# Probe 4 (-0.111 0.037 0.219)
# Probe 5 (-0.111 0.046 0.239)
# Probe 6 (-0.111 0.046 0.25)
# Probe 7 (0.07 0.039 0.008)
# Probe 8 (0.07 0.039 0.02)
# Probe 9 (0.07 0.046 0.004)
# Probe 10 (0.07 0.06 0.004)
# Probe 11 (0.07 0.037 0.219)
# Probe 12 (0.07 0.046 0.239)
# Probe 13 (0.07 0.046 0.25)
# Probe 14 (0.111 0.039 0.008)
# Probe 15 (0.111 0.039 0.02)
# Probe 16 (0.111 0.046 0.004)
# Probe 17 (0.111 0.06 0.004)
# Probe 18 (0.111 0.037 0.219)
# Probe 19 (0.111 0.046 0.239)
# Probe 20 (0.111 0.046 0.25)
# Probe 21 (0 0.25 0.1)
# Time            0                 1                 2                 3                 4                 5                 6                 7                 8                 9                 10                11                12                13                14                15                16                17                18                19                20                21               
1.42361397e-05    2.827146505       4.771140163       -0.8134694394     -0.4193869892     0.5480191107      -0.4339657955     -0.4047750711     0.2920632648      6.630660434       -0.9170603739     -0.1988895302     -1.311529226      -0.2245291097     -0.3683924563     3.503351809       5.870745632       -0.228491915      0.01697314812     1.388547658       -0.3793187195     -0.6705570783     0.1211025779     
3.021280672e-05   3.752641695       5.893770038       0.002460207233    -0.02028917081    1.37204121        0.04795893396     0.1207061329      0.2799395939      6.654080763       -0.7069231765     0.02854382893     -0.6463059533     -0.01581694517    0.02252386734     3.46218594        5.93880678        -0.1565991553     -0.007066746912   1.248134764       -0.04692019405    -0.02666617323    0.06996021502    
4.760630613e-05   3.713140607       5.848070914       -0.009046522151   -0.02450743523    1.238344828       0.1180330113      0.2361925682      0.2503954555      6.622714237       -0.7269684405     0.03331689635     -0.5465496018     -0.0199022307     0.08275106673     3.45043648        5.876021298       -0.1354180086     0.009449716203    1.041560382       -0.009780915546   0.05705896437     0.04799625892    
6.498408032e-05   3.640457975       5.756998346       -0.06536498804    -0.05451252871    1.155794061       0.1054209519      0.223106927       0.2044045594      6.57124614        -0.7636496876     -0.01485784978    -0.5629985134     -0.05351598018    0.05137980087     3.395307888       5.798905515       -0.1801941165     -0.03636290911    1.000033154       -0.01577833594    0.04100944989     0.03549565848    
8.235100186e-05   3.609729986       5.710064689       -0.09035359232    -0.07674179728    1.052441129       0.07042006484     0.189536942       0.1770443895      6.537727523       -0.7873866493     -0.05009515887    -0.6162995832     -0.09240373448    0.01352823243     3.362286956       5.747902658       -0.2096945695     -0.06509006355    0.9403066402      -0.0425773729     0.004229447912    0.02637131594    
9.971116817e-05   3.576159237       5.655915185       -0.1157628172     -0.09436146081    0.9583437993      0.03927122796     0.1590682992      0.1511247579      6.501302174       -0.8082744461     -0.07479424723    -0.6892987176     -0.1333817722     -0.03111580646    3.325095232       5.687852071       -0.2411066012     -0.08776392923    0.8532541473      -0.07600259757    -0.03610529274    0.02153279789    
0.0001170668082   3.558421319       5.624404022       -0.1285442023     -0.1032339742     0.8986827348      0.01927030919     0.1384739451      0.1451025754      6.486868805       -0.8110371902     -0.07918956805    -0.7318871526     -0.1540646771     -0.05323857881    3.310899435       5.656686001       -0.2528061875     -0.09454600001    0.7923427315      -0.09265871153    -0.05490226533    0.01867895303    
0.000134418889    3.552717585       5.610735537       -0.1317560462     -0.1064930407     0.8619479118      0.007840762284    0.1263526837      0.1450685223      6.482039321       -0.8100573622     -0.08040087536    -0.7546266227     -0.163810356      -0.06374061264    3.30667896        5.641724276       -0.2567962136     -0.09814584324    0.7545162326      -0.1004720481     -0.06503033409    0.01624783674    
0.0001517676584   3.550882874       5.603581893       -0.1318950991     -0.1077863438     0.8360308286      0.000761188819    0.1184420659      0.1455214594      6.479213697       -0.8094952905     -0.08126594031    -0.7699529378     -0.170599643      -0.07217704401    3.304482934       5.631154364       -0.2589382348     -0.1008385008     0.7267833055      -0.1052621103     -0.07202578707    0.01418331068    
0.0001691130021   3.551896106       5.601033741       -0.1297865022     -0.1077695793     0.817697751       -0.003348895976   0.1129008189      0.1474274579      6.479303879       -0.8076276172     -0.08138433504    -0.7793878124     -0.174083404      -0.0767355578     3.305034508       5.625419376       -0.2587538669     -0.1025850013     0.7073831303      -0.1067959972     -0.07561763285    0.01268932571    
0.0001864546559   3.551921341       5.598219535       -0.1285447841     -0.10791218       0.8018728451      -0.008346298983   0.1063684113      0.1483117374      6.478881997       -0.806925091      -0.08168842061    -0.7881133995     -0.1779840225     -0.08180787912    3.304943596       5.619971651       -0.2589959274     -0.1044971672     0.6917293681      -0.1079815268     -0.07891412882    0.01141539799    
0.000203792362    3.552139446       5.596276859       -0.1271897613     -0.1075969122     0.7893920133      -0.01226358567    0.1011088803      0.1493444339      6.478912007       -0.8060222559     -0.08137633261    -0.795825526      -0.1820566836     -0.08699875363    3.30547431        5.615974329       -0.2586690333     -0.1058249152     0.6786777075      -0.1094842898     -0.08314308871    0.01039133712    
0.0002211259607   3.552297318       5.59486978        -0.1259210033     -0.1072164684     0.7789929372      -0.014664351      0.09757490637     0.1501734282      6.478856719       -0.8052529296     -0.08109305009    -0.8027833334     -0.1849136174     -0.09067168009    3.306003702       5.612567002       -0.2583290559     -0.1070567614     0.669176386       -0.1098847888     -0.08621713952    0.009517155497   
0.0002384554205   3.552180609       5.593559973       -0.1248877287     -0.1069212346     0.7699432549      -0.0170764848     0.09424477689     0.1503326561      6.4783213         -0.8050386816     -0.08066805653    -0.8080232259     -0.1878307982     -0.09449094902    3.306242455       5.609423661       -0.2580361756     -0.1081307618     0.6616062032      -0.1100663477     -0.08922192924    0.008705527172   
0.0002557808549   3.552474635       5.592982137       -0.1234809722     -0.1063802859     0.7639707846      -0.01820197965    0.09198341883     0.1503961192      6.477868562       -0.8050837827     -0.08038962472    -0.8116227842     -0.1895419154     -0.09674342247    3.306673465       5.606660467       -0.2574202697     -0.1089873561     0.6558574056      -0.1098223178     -0.09127726089    0.008070487248   
0.0002731025371   3.552043613       5.591941429       -0.1226370543     -0.1059045318     0.7594916434      -0.01969158391    0.08988866588     0.1501988148      6.477212813       -0.8054061223     -0.08001473339    -0.8144572416     -0.1912013326     -0.09895129674    3.306822696       5.60402114        -0.2571770026     -0.1097709729     0.6512849121      -0.1091726063     -0.09363576309    0.007489787916   
0.0002904208275   3.551516133       5.591093582       -0.1219165391     -0.1054951046     0.7566957219      -0.01998189101    0.08868408222     0.1498831457      6.476584643       -0.8058257774     -0.07968188526    -0.8170998675     -0.1933303788     -0.1018502837     3.307109001       5.601725532       -0.2567795365     -0.1104558438     0.6471535451      -0.1087643176     -0.09612101454    0.006974497208   
0.0003077361327   3.550625989       5.590082685       -0.1214753475     -0.1051890077     0.7541031384      -0.02057713877    0.08693864535     0.149324171       6.475848694       -0.8065030203     -0.07940068964    -0.819219635      -0.1949987372     -0.1042453601     3.307225924       5.599477937       -0.256489557      -0.1111187939     0.6442931039      -0.1082610139     -0.09834569088    0.006528088331   
0.0003250488946   3.549941401       5.589404186       -0.1208562709     -0.1048145392     0.7523226437      -0.02096329421    0.085780536       0.1488566155      6.475367974       -0.8069413522     -0.07906548383    -0.8208109927     -0.1966412374     -0.1066168694     3.307583537       5.597668885       -0.2560544585     -0.1117146085     0.6424595262      -0.1073171414     -0.1004546367     0.006135985688   
0.0003423595694   3.549202823       5.588803181       -0.1203089228     -0.1045072488     0.7507790354      -0.02142795838    0.08444055894     0.1482720553      6.474853419       -0.8081106175     -0.07881661683    -0.8219766543     -0.1982909813     -0.1090331542     3.307838928       5.595912153       -0.2556924593     -0.1122215978     0.641192854       -0.1061860369     -0.1024972603     0.005753364453   
0.0003596685799   3.54812828        5.58792743        -0.1199464166     -0.104259985      0.7492207409      -0.02182707405    0.08306528784     0.1476939689      6.474451302       -0.8091110585     -0.07852307322    -0.8223779657     -0.1993947689     -0.1107880073     3.308243044       5.594445685       -0.255204732      -0.1126473928     0.640796052       -0.1045336244     -0.1039760936     0.0054363131     
0.0003769763083   3.547003412       5.587167581       -0.1196440317     -0.1040685928     0.7481403642      -0.02182930762    0.08189985083     0.1471094003      6.47416698        -0.810133569      -0.07820575113    -0.8224810792     -0.2002431269     -0.1123293579     3.308699091       5.593163855       -0.2547735372     -0.1130365279     0.6407911104      -0.1025838878     -0.1052515163     0.005160472164   
0.0003942830905   3.545619713       5.586101341       -0.1194903354     -0.1038761488     0.7469938247      -0.0221956038     0.08079845402     0.1462987286      6.473570112       -0.8112913038     -0.07792252852    -0.8224520061     -0.2011737245     -0.113965881      3.308916629       5.591706525       -0.2544714765     -0.1134697094     0.6409531303      -0.1006888138     -0.106509339      0.004909106121   
0.0004115892761   3.544513803       5.585578081       -0.1192185562     -0.1035695563     0.7463297138      -0.02190045597    0.07980203764     0.1456100533      6.473140522       -0.8123869521     -0.07766500853    -0.8222996838     -0.2018947888     -0.1152695789     3.309360962       5.590544102       -0.2540368168     -0.1138489621     0.6410470759      -0.09893502508    -0.1076368633     0.004696832508   
0.0004288952128   3.543261388       5.584872861       -0.1188410054     -0.1034326751     0.7456594281      -0.02244158602    0.07882813484     0.1448484499      6.472750793       -0.8138864956     -0.07741521652    -0.821777471      -0.2023198178     -0.1162972066     3.30978702        5.589454364       -0.2536157032     -0.114267664      0.6419101499      -0.0965637424     -0.1085625424     0.00447109715    
0.0004462012165   3.541694994       5.583887701       -0.1187507919     -0.1033863282     0.7452189018      -0.02211398139    0.07851345546     0.1440655322      6.472333151       -0.8146715713     -0.07720856297    -0.8212341087     -0.2028063135     -0.1173573213     3.310158507       5.588392571       -0.2532183071     -0.1145773696     0.6424762723      -0.09421580464    -0.1092796816     0.004279461531   
0.0004635075574   3.540350486       5.583306455       -0.1184780979     -0.1032377846     0.744654727       -0.02169640641    0.07772945999     0.1432152422      6.471862776       -0.8163249568     -0.07705327953    -0.8204081156     -0.2030221062     -0.1181138475     3.310494328       5.587336664       -0.2528642991     -0.11484964       0.6431377094      -0.09167212923    -0.1098607188     0.004111752345   
0.0004808144664   3.538915341       5.582618115       -0.1182453722     -0.1030894002     0.7446241247      -0.02089776134    0.07785509928     0.142158089       6.471229506       -0.8179170947     -0.07686704313    -0.8198371141     -0.2035743922     -0.1192827494     3.310771242       5.586252364       -0.252526078      -0.1151709811     0.643780141       -0.08934993131    -0.1108314413     0.003958884324   
0.0004981221232   3.537318826       5.581887368       -0.1181527736     -0.1029854722     0.7444878418      -0.02061016065    0.0772688829      0.141439936       6.471015958       -0.8192187203     -0.07656968298    -0.8191975508     -0.2039879077     -0.1202371932     3.311357934       5.585579431       -0.2519846942     -0.1154171134     0.6446556197      -0.08665005373    -0.1116119962     0.003811250198   
0.0005154307046   3.535657587       5.581031244       -0.1181376552     -0.1029151056     0.7438932455      -0.02060184425    0.07623952743     0.1405678572      6.470631345       -0.8206792138     -0.07633336006    -0.8185191495     -0.2043621156     -0.1211440209     3.311759976       5.584762445       -0.2516823867     -0.1155288057     0.6452391035      -0.0846776103     -0.1125879617     0.003653188669   
0.0005327403474   3.534112541       5.580394336       -0.1178964734     -0.1028432395     0.7435608656      -0.02028390573    0.07546854247     0.1397906394      6.470393651       -0.8221195425     -0.07615686193    -0.8176830128     -0.2045575944     -0.1218448315     3.312315033       5.584110185       -0.2512190906     -0.1157095509     0.6461384606      -0.08183299138    -0.1132678013     0.003524470342   
0.0005500511544   3.532504161       5.579711065       -0.1177015837     -0.1027597932     0.7430845553      -0.02002902425    0.07475676097     0.1388045024      6.469922794       -0.8237042755     -0.07598400774    -0.8169199467     -0.2048986094     -0.1226996149     3.312793178       5.583443931       -0.250811851      -0.1158872243     0.646780344       -0.07969513089    -0.114181504      0.003402406818   
0.0005673631974   3.530825687       5.579045488       -0.117598267      -0.1027175057     0.7428063913      -0.01967558786    0.07430089893     0.1379930688      6.469693784       -0.8252386302     -0.07583879837    -0.8162394644     -0.2051354328     -0.1233873628     3.313415354       5.582818774       -0.2503370684     -0.1160731521     0.6476618754      -0.07713773721    -0.1148839979     0.00329745389    
0.0005846765113   3.529044904       5.578305919       -0.1175008536     -0.1026841407     0.7424372823      -0.01980757017    0.07380552997     0.1370064606      6.46919541        -0.8270747202     -0.07560086915    -0.8154435131     -0.2053077628     -0.1239792742     3.313937678       5.582181031       -0.249925084      -0.1163740184     0.6483267867      -0.07483139723    -0.1158075852     0.003191087763   
0.0006019911017   3.527397313       5.57777017        -0.1173773599     -0.1026771905     0.7424469403      -0.01920748049    0.07357510619     0.1361591708      6.469013256       -0.8287671528     -0.0754465871     -0.8141339518     -0.2052007914     -0.1242941358     3.314666687       5.581865516       -0.2494105391     -0.116505978      0.6493314315      -0.07204045104    -0.116180007      0.003118736903   
0.0006193069512   3.525576103       5.577035191       -0.1173299516     -0.1026242097     0.7420081904      -0.01833695814    0.07307631669     0.1351252537      6.468518321       -0.8303196442     -0.07533413428    -0.813591941      -0.2053888764     -0.1248574017     3.315052124       5.581073869       -0.2491906238     -0.1165851694     0.650023965       -0.06946951902    -0.1167890427     0.003038696072   
0.0006366232668   3.523933005       5.576509069       -0.1171027443     -0.1025654214     0.7419962769      -0.01900947722    0.0728244632      0.1344176986      6.468353782       -0.8317847947     -0.07510824365    -0.8124094519     -0.2053408502     -0.1252289911     3.315835534       5.580829345       -0.2487245713     -0.1166653321     0.6510336038      -0.06680633196    -0.1170866702     0.002961771219   
0.0006539321231   3.522122149       5.575816275       -0.1169540584     -0.1026260145     0.7416881087      -0.01915589927    0.07249925407     0.1335165162      6.468005056       -0.8332992737     -0.07497589498    -0.8120730816     -0.2054440995     -0.1257704544     3.316429939       5.580370939       -0.2484166334     -0.1168021136     0.651859348       -0.06422886521    -0.1178112405     0.002893448096   
0.0006712335908   3.520319186       5.575202183       -0.1168601669     -0.1025716087     0.7414632725      -0.01869789118    0.07209637344     0.1326780932      6.467820746       -0.8349220358     -0.07484819314    -0.8108260015     -0.2053631088     -0.1261409603     3.317172862       5.58006776        -0.2479514138     -0.1169521139     0.6528485889      -0.06158871176    -0.1182253954     0.002826148431   
0.0006885277376   3.518542971       5.574630438       -0.1166927311     -0.1025735584     0.7414217966      -0.01810877707    0.07190203659     0.1317871332      6.467562207       -0.836536753      -0.07466392722    -0.8101497205     -0.2054111793     -0.1265862694     3.317788629       5.579664964       -0.2477734274     -0.1170413632     0.6536381763      -0.05916733942    -0.1188570358     0.002775766925   
0.0007058146424   3.516719495       5.574021595       -0.1165199217     -0.1025693736     0.741187256       -0.01774919216    0.0717629724      0.1309033123      6.467288547       -0.838218313      -0.07452460357    -0.8089760243     -0.2053344409     -0.1269060849     3.318397433       5.57925315        -0.2475777245     -0.1171664984     0.6543741564      -0.05641941515    -0.1195262885     0.00271558777    
0.0007230943975   3.514949847       5.573510449       -0.1163004767     -0.1025379455     0.7410688444      -0.01729370085    0.07164668591     0.129989062       6.466905104       -0.8396035008     -0.07440128564    -0.8079931818     -0.2053493966     -0.1272934331     3.319078019       5.578862616       -0.2471899999     -0.1173785417     0.6550638452      -0.05430080897    -0.1201477167     0.002660128782   
0.0007403671081   3.513190884       5.573024191       -0.1160435461     -0.1025379749     0.7410064876      -0.01718052627    0.07160798502     0.1288835265      6.46649843        -0.841139355      -0.07428138362    -0.8068485242     -0.2053344631     -0.1276906171     3.319764581       5.578486182       -0.2468983374     -0.117542335      0.6558044688      -0.05179386531    -0.1206858678     0.002615208847   
0.0007576328948   3.511294985       5.572392377       -0.1158908465     -0.1025871295     0.7408173659      -0.01717771913    0.07156534102     0.1281738817      6.466400532       -0.8425969343     -0.07405273328    -0.8059891767     -0.2053021021     -0.1280759669     3.320744298       5.578424405       -0.2464221042     -0.1176082357     0.6566199283      -0.04907464349    -0.1211690567     0.002574572788   
0.0007748918905   3.509377584       5.571752624       -0.1157772783     -0.1026171409     0.7405781463      -0.01740571219    0.07137671453     0.1272628683      6.46610673        -0.8442407013     -0.07389726697    -0.8048167445     -0.2052916478     -0.1284882201     3.321532872       5.578163628       -0.2461857778     -0.117694646      0.6573808733      -0.04582101544    -0.1216186034     0.002525712488   
0.0007921442381   3.507505738       5.571208286       -0.1156095996     -0.102654951      0.7402921393      -0.01711616919    0.07118507926     0.1263958673      6.465825229       -0.8457913918     -0.07376214809    -0.8041549243     -0.205260791      -0.1288640536     3.322171086       5.577936862       -0.246056432      -0.117834251      0.6580195204      -0.0442406831     -0.1222957855     0.002484642915   
0.0008093900883   3.505735913       5.570780891       -0.1152846577     -0.1026559785     0.7400472017      -0.01693435417    0.07109984999     0.1255112027      6.465556812       -0.8473618455     -0.07362321205    -0.8028737266     -0.2051707574     -0.1291943082     3.32287909        5.57774548        -0.2459023793     -0.1179405238     0.6586211661      -0.04131071011    -0.1228700482     0.002449013638   
0.0008266296009   3.503865217       5.570232029       -0.1150203806     -0.1027294791     0.7397483146      -0.01687520434    0.07087625354     0.1244454729      6.465124839       -0.8492273587     -0.07356201214    -0.8022800429     -0.2051228274     -0.1295390018     3.323495637       5.577350505       -0.2457773035     -0.1180996647     0.6592313877      -0.04001098363    -0.1234592856     0.002417469306   
0.0008438629421   3.501882757       5.569614307       -0.1148788708     -0.1028723454     0.7394259297      -0.0165756794     0.07076008972     0.1235218813      6.464775287       -0.8508023586     -0.07347634392    -0.8009530524     -0.2050506308     -0.1298615967     3.324205433       5.577110055       -0.2457385405     -0.118236661      0.6598223094      -0.03782726879    -0.1240423675     0.002386903413   
0.0008610902814   3.499990538       5.56911495        -0.1146765074     -0.10295056       0.739144679       -0.0164171465     0.07057285868     0.1224838345      6.464344045       -0.8525283652     -0.07339259388    -0.8006573452     -0.2050308183     -0.1301434893     3.324936789       5.576804044       -0.2455370357     -0.1184612101     0.6604146354      -0.0354441235     -0.1245473576     0.002355717991   
0.0008783117946   3.498057036       5.568542504       -0.1143915806     -0.1030872873     0.7388758913      -0.01618491383    0.07049111339     0.1217037383      6.464232342       -0.8540045505     -0.0731651153     -0.7993168428     -0.2049038477     -0.1304218354     3.325830737       5.576713785       -0.2452625827     -0.1185753592     0.6609410717      -0.03338938861    -0.125188308      0.002325499902   
0.0008955276611   3.496035306       5.567920464       -0.1142390768     -0.1031932327     0.7384964563      -0.01594526553    0.07038978578     0.1208943935      6.464020436       -0.8554122751     -0.0730388747     -0.7991841562     -0.204825801      -0.1306878414     3.326557857       5.576477671       -0.2453618759     -0.1186422605     0.6614066434      -0.03076204751    -0.1256288977     0.002297130051   
0.0009127380584   3.494072485       5.567341276       -0.1139473331     -0.1033249155     0.737920925       -0.01590636521    0.0701874243      0.1198109051      6.463569036       -0.8571801867     -0.07301460015    -0.7979447624     -0.2048201926     -0.1310329977     3.327213929       5.576099618       -0.2452776294     -0.1188614345     0.6617355095      -0.02889011617    -0.1262485585     0.002267101522   
0.0009299431599   3.49211847        5.56681126        -0.1137054952     -0.1034747371     0.7374512971      -0.01691206932    0.06998510764     0.1188189568      6.463235037       -0.8586908588     -0.07278230546    -0.7980322286     -0.204773938      -0.1313389898     3.327947527       5.57582521        -0.2452287793     -0.1189310696     0.6620881451      -0.0265802246     -0.1269134677     0.002245703039   
0.0009471431335   3.490141147       5.566280741       -0.1134732345     -0.103580101      0.7370704064      -0.01715236279    0.06979895069     0.1179228728      6.462984939       -0.8603148539     -0.07267093361    -0.7965974105     -0.2046921247     -0.1315682791     3.328809305       5.575678816       -0.2450337495     -0.1191815881     0.6624686551      -0.02474897728    -0.1275796458     0.002222802193   
0.0009643381412   3.488109125       5.565703112       -0.1132682283     -0.1036327277     0.7365867489      -0.01722230593    0.06967334217     0.1172730609      6.462838807       -0.8614551413     -0.07245680207    -0.7968075406     -0.2045752671     -0.131830974      3.329645212       5.575571212       -0.2449800583     -0.1192157524     0.6628656156      -0.02291672455    -0.128279286      0.002199756297   
0.0009815283419   3.486181599       5.565203396       -0.1128975542     -0.1037242616     0.7360657303      -0.01712585429    0.06952793911     0.1164469513      6.462594652       -0.8628550412     -0.07226461847    -0.7953132592     -0.2045455752     -0.1321331551     3.330444236       5.575380747       -0.2448878572     -0.1193010868     0.6631340129      -0.02119108387    -0.1289578885     0.002178941797   
0.000998713892    3.484233818       5.564680129       -0.112560587      -0.1037890436     0.7354288893      -0.01730474665    0.06931734573     0.1155468543      6.462131798       -0.8642494044     -0.07214731471    -0.7957720859     -0.204484825      -0.1324497697     3.33113921        5.575128577       -0.2448931826     -0.1194664312     0.6634205962      -0.01958264314    -0.129663266      0.002163041694   
0.001015894945    3.482297168       5.564185542       -0.1121721498     -0.1038643879     0.7348272826      -0.01792683015    0.06920328252     0.1146928116      6.461862126       -0.8656552823     -0.07201580265    -0.7939544114     -0.204408853      -0.1326904824     3.331839304       5.57498894        -0.2449993756     -0.1195525601     0.663787574       -0.01769288736    -0.1301272645     0.002146036506   
0.001033071651    3.480331412       5.563701982       -0.1117567742     -0.1040882062     0.7342356475      -0.01765876298    0.06915495126     0.1137091135      6.461406355       -0.8672448424     -0.07188677182    -0.7947529614     -0.2044606076     -0.1330469324     3.332517062       5.574695365       -0.2450382257     -0.1197194015     0.6639905412      -0.01585035632    -0.1308965472     0.002134437745   
0.001050244151    3.478361962       5.563197011       -0.1113855624     -0.1042085744     0.7337422146      -0.01754862675    0.06917735461     0.1128847383      6.461147094       -0.8686679139     -0.07173028738    -0.7930372718     -0.2044167541     -0.1333174812     3.333244752       5.574495764       -0.2451003742     -0.119782386      0.6641544228      -0.01416489129    -0.1315326689     0.002121444945   
0.001067412582    3.476455323       5.562795912       -0.1109164607     -0.1043539632     0.7332773698      -0.0164430717     0.06912520462     0.1120895117      6.460904453       -0.8700863374     -0.07158920845    -0.7935764905     -0.2042954853     -0.1335916747     3.33403133        5.574440848       -0.2451924866     -0.1198554808     0.6644041536      -0.01242305717    -0.1322269321     0.002110275979   
0.001084577073    3.474437646       5.562280808       -0.1105435764     -0.1044938767     0.7325607768      -0.01804319983    0.0688121857      0.1112540635      6.460604804       -0.8714914963     -0.0714429408     -0.7920242048     -0.2042787399     -0.1339230837     3.334752728       5.574299237       -0.2453699593     -0.1199757139     0.6644336083      -0.01210291593    -0.1330038555     0.002095353286   
0.001101737746    3.472294702       5.561730234       -0.1102386788     -0.1045891972     0.7318921221      -0.01980104316    0.06856012006     0.110567656       6.460525303       -0.8727464377     -0.07123591988    -0.7928017878     -0.2042667741     -0.1342682215     3.335565729       5.574229995       -0.2454385027     -0.1199588559     0.6646107309      -0.01029550053    -0.1337240469     0.002078931596   
0.001118894717    3.470323461       5.561229443       -0.1097386536     -0.1047169565     0.7310684923      -0.0204381952     0.06833674162     0.1096957708      6.460221335       -0.8741728684     -0.07106572272    -0.791275561      -0.2042180507     -0.1345389501     3.336339652       5.574091045       -0.2454956608     -0.1201968859     0.6647149399      -0.0092088046     -0.1344009704     0.002061676014   
0.001136048091    3.468362385       5.560840781       -0.1091794592     -0.1049099953     0.7303199791      -0.02078585409    0.06812230682     0.1088972917      6.460003308       -0.8755495392     -0.07090476568    -0.7919970907     -0.204167076      -0.1348037038     3.337220696       5.57410599        -0.2454854741     -0.1203541977     0.6648229667      -0.008274536846   -0.1351122196     0.00204569839    
0.001153197968    3.466329618       5.560288796       -0.1086863724     -0.1051142063     0.7295364784      -0.02095125439    0.06787046604     0.1081309281      6.459792784       -0.8768351513     -0.07075618799    -0.7905685031     -0.2041240066     -0.1350966368     3.337817951       5.573949392       -0.2459199329     -0.1204191466     0.6647860116      -0.007203855611   -0.1358054561     0.002036462883   
0.001170344442    3.46422615        5.559764058       -0.1083073171     -0.1052749571     0.7288169928      -0.02158012197    0.06769190585     0.1075258557      6.459674675       -0.8779875383     -0.07057820924    -0.7913498189     -0.2041159148     -0.1354092234     3.338594421       5.573958128       -0.246123734      -0.1204752359     0.6648324319      -0.005540495958   -0.1365295369     0.002027492205   
0.001187487599    3.462308563       5.559387154       -0.1076998778     -0.1053875126     0.7280838101      -0.02275890467    0.06746413958     0.1065392979      6.459251918       -0.8795412459     -0.07064380191    -0.7901223219     -0.204083121      -0.1356877571     3.339198214       5.57376644        -0.2464775001     -0.1207451842     0.6649109374      -0.004743287433   -0.1372150456     0.002008600114   
0.001204627517    3.460366525       5.558953296       -0.1070895119     -0.1055020528     0.7272817881      -0.02267977083    0.0672626951      0.1058082633      6.459016214       -0.88085002       -0.07047310517    -0.7909193317     -0.2040498315     -0.1359605444     3.339873838       5.573708644       -0.2467620806     -0.1208055024     0.6648446528      -0.003687709936   -0.1378669607     0.001999813943   
0.001221764263    3.45830426        5.558542549       -0.106483578      -0.1056666397     0.7263961572      -0.02305540422    0.06699716157     0.1050987712      6.458772869       -0.8821878318     -0.07032106229    -0.7891423756     -0.2039948569     -0.1362336197     3.34058976        5.573682209       -0.2469933205     -0.1208040464     0.6647865954      -0.002186488623   -0.1385257172     0.001997559802   
0.001238897899    3.456328583       5.558144072       -0.1059144485     -0.1057334954     0.7254630121      -0.02350709576    0.06671697928     0.1042799875      6.458452308       -0.8831543448     -0.07012693232    -0.7893940077     -0.2039708872     -0.1364871634     3.341170175       5.57354007        -0.2474117757     -0.1208337107     0.6647752702      -0.001687184779   -0.1391601059     0.001998740538   
0.001256028481    3.454426265       5.557791431       -0.1051217285     -0.1059601009     0.7246939845      -0.02368422908    0.06648179874     0.1035148587      6.458222128       -0.8842754628     -0.07006267323    -0.7880676054     -0.2039546378     -0.1367905233     3.341747254       5.573499756       -0.2478206782     -0.1208885369     0.6646719552      -0.0001496970758  -0.1397908826     0.001989458587   
0.001273156058    3.452315731       5.557326709       -0.1046292324     -0.1061352613     0.7238011755      -0.02446955402    0.06619741042     0.1029332176      6.458129004       -0.8853937492     -0.06982769982    -0.7882055007     -0.2039270545     -0.1370733245     3.342512705       5.573588862       -0.2479690646     -0.1208668758     0.6646756073      0.0008897395067   -0.1404346488     0.001992878479   
0.001290280671    3.450381943       5.556996539       -0.1038249831     -0.1063116717     0.7229570077      -0.0249730542     0.06600526844     0.1021355612      6.457821838       -0.8867674411     -0.06974226169    -0.7876748187     -0.2038809242     -0.1373262276     3.343092197       5.573558031       -0.248453617      -0.1211210765     0.6645828674      0.001852245441    -0.1411198332     0.001982830236   
0.001307402357    3.448308382       5.556544436       -0.1031615032     -0.1064388611     0.7221294915      -0.02525579224    0.06579607121     0.1015611652      6.457684976       -0.8878938595     -0.06956742305    -0.7875101362     -0.2038631228     -0.1376362771     3.343790463       5.573680754       -0.2487966843     -0.1211115782     0.664531989       0.002763416037    -0.1417674133     0.001981757874   
0.001324521145    3.446342552       5.556169638       -0.1023091346     -0.1065364399     0.7212423943      -0.02515989199    0.06559965529     0.1009512152      6.457540055       -0.8890750228     -0.06938058887    -0.787128136      -0.2037992125     -0.1378988313     3.344391343       5.573721871       -0.2491155303     -0.1211796473     0.6644905778      0.003757037514    -0.1425066338     0.001978307029   
0.001341637064    3.444263895       5.555762745       -0.1016410376     -0.1067377604     0.720321077       -0.02571932837    0.06534817639     0.1002959369      6.457342125       -0.8902748725     -0.06924749882    -0.7869759209     -0.2038054635     -0.1382320061     3.344857492       5.573685634       -0.2497030023     -0.1211359975     0.6643004014      0.003790686307    -0.14328395       0.001979287561   
0.001358750136    3.442212423       5.555368709       -0.1009589659     -0.106996211      0.7194004268      -0.02658674253    0.06507647718     0.09976341266     6.457218666       -0.8912270711     -0.06894376117    -0.7867030281     -0.2037592976     -0.1384699005     3.345412011       5.573738049       -0.2501343435     -0.1211614402     0.6640857063      0.003297226367    -0.1439637671     0.001976301796   
0.001375860385    3.440150304       5.554964714       -0.1002186884     -0.1071068318     0.7184279012      -0.02683092644    0.06480520379     0.09922494295     6.457034477       -0.8923171965     -0.06875910521    -0.7865248147     -0.2037594571     -0.1387599353     3.345974766       5.573846926       -0.2504852231     -0.1211529828     0.6639055116      0.004177244212    -0.1446544809     0.001976080426   
0.001392967828    3.438245897       5.554684372       -0.09927863688    -0.1072486837     0.7175282395      -0.02766764697    0.06453808596     0.09865150027     6.456839261       -0.8934380903     -0.06864460243    -0.7862500345     -0.2037407691     -0.1390372946     3.346384033       5.573863395       -0.2511036422     -0.1211267599     0.6636110592      0.00456778535     -0.1454122964     0.001971848151   
0.001410072482    3.436184171       5.554324393       -0.09848247005    -0.1074099447     0.7166929026      -0.02841283627    0.06426178011     0.0981836457      6.456794666       -0.8944604085     -0.06846463002    -0.7861223443     -0.203780189      -0.139344254      3.346972537       5.574022804       -0.2514152791     -0.1212146069     0.6634636895      0.004103123581    -0.1461365524     0.001974005733   
0.001427174363    3.434255216       5.554059129       -0.0975353339     -0.1075540276     0.7157218739      -0.02824977107    0.06401355836     0.09765764182     6.456622455       -0.8953838269     -0.06828273307    -0.7858331846     -0.2037709089     -0.1396262117     3.347371448       5.574070241       -0.25193054       -0.1212627747     0.6632673397      0.005667004539    -0.1467462616     0.001981681801   
0.001444273483    3.43225964        5.553754741       -0.09658000849    -0.1077035656     0.714815648       -0.02921267695    0.06370496105     0.09711161824     6.456426359       -0.8963678707     -0.06811740869    -0.7859289578     -0.2038177565     -0.1399402466     3.347718474       5.574100021       -0.2526609516     -0.1212710828     0.6629060912      0.005994662583    -0.1474696538     0.001991025187   
0.001461369858    3.430436571       5.55359819        -0.09551011611    -0.1078441496     0.7138694513      -0.02974011614    0.06339182966     0.09644411527     6.456165969       -0.8975630665     -0.06806924905    -0.7856709383     -0.2038345084     -0.1402170031     3.347901018       5.574110286       -0.2535101039     -0.1212773997     0.6626595172      0.006727880217    -0.1481459323     0.001987533061   
0.001478463499    3.42843295        5.553300208       -0.09454781861    -0.1080283121     0.712979687       -0.03013673274    0.06321594929     0.09583599153     6.455928863       -0.8986030163     -0.06798389247    -0.7856519456     -0.2038190601     -0.1404977759     3.348055561       5.5741954         -0.2543043882     -0.1214328875     0.6623756895      0.006637246168    -0.1488983592     0.00198844717    
0.001495554417    3.426418643       5.553012515       -0.09363130186    -0.1080965617     0.7119894613      -0.03026253065    0.06296417476     0.09545037852     6.455915338       -0.8994610237     -0.06779598106    -0.7853616343     -0.2038673661     -0.1407959958     3.348585541       5.574456694       -0.2544353074     -0.1213553322     0.662096112       0.006848575948    -0.1495612217     0.00199043207    
0.001512642622    3.424315509       5.552649545       -0.09267517726    -0.1083186694     0.7110204318      -0.03032726747    0.06268785144     0.09505009488     6.455861215       -0.9003191266     -0.06761441603    -0.7854460585     -0.2038683277     -0.1410486133     3.348930317       5.574642967       -0.2549646875     -0.1214163104     0.6617046971      0.006438360679    -0.15028776       0.001991283607   
0.001529728118    3.422296712       5.552292725       -0.09168211336    -0.1084737292     0.709992849       -0.03099967033    0.06231724852     0.09468971978     6.455780757       -0.9011624433     -0.06738664091    -0.7851646806     -0.203882035      -0.1413222814     3.349213228       5.574821824       -0.2555833357     -0.1213848237     0.6613635195      0.006275290492    -0.1509694637     0.001994619606   
0.001546810911    3.420233458       5.552008929       -0.0907045849     -0.1086150079     0.709036801       -0.03124077591    0.06208980955     0.09424114533     6.4556494         -0.9020537667     -0.06731997354    -0.7852655664     -0.20393635       -0.1416371245     3.349469942       5.57501785        -0.2561648541     -0.121458641      0.6609870448      0.006026001606    -0.1516662726     0.001998690768   
0.001563891002    3.418364632       5.551870016       -0.08949742588    -0.1087757806     0.7080055942      -0.03185753208    0.06168675348     0.09386916566     6.455543305       -0.9028464416     -0.06713857491    -0.7850231207     -0.2039607168     -0.1419442388     3.349592025       5.575185864       -0.2569408162     -0.1215883477     0.6606467945      0.006693198648    -0.1522249983     0.001993907889   
0.001580968395    3.416316274       5.551609568       -0.08840648476    -0.1090193514     0.7070649288      -0.0326156664     0.06136966021     0.09346118172     6.455378809       -0.9036675549     -0.06694924744    -0.7851414638     -0.2039726046     -0.1422173944     3.349510742       5.575174102       -0.257980418      -0.1215241794     0.6602766409      0.006924046641    -0.1529073953     0.001997191725   
0.00159804309     3.414291026       5.551329102       -0.08731553564    -0.1092689892     0.70593737        -0.03299399352    0.06100609368     0.09320337188     6.455408112       -0.9042929583     -0.06669407555    -0.7849389822     -0.2039847216     -0.1424590894     3.349732529       5.575426169       -0.2585899863     -0.121493805      0.6598349618      0.00692631689     -0.1536679367     0.001995322874   
0.001615115099    3.412187431       5.551046863       -0.08629330402    -0.1094538061     0.7048925019      -0.03333124366    0.06056771766     0.09289239033     6.45533241        -0.9049069549     -0.06635148691    -0.7850354941     -0.204026577      -0.1427564364     3.349760119       5.575574859       -0.2594026231     -0.1214183799     0.6593444005      0.006458017703    -0.1544371963     0.002003249649   
0.001632157489    3.410355161       5.551002115       -0.0849939598     -0.1095447484     0.7040749734      -0.0336915379     0.06034067313     0.09246779056     6.455174644       -0.9058292475     -0.06630221203    -0.784964755      -0.2040411344     -0.143011173      3.349773391       5.57578418        -0.2601362256     -0.1213606033     0.6592402592      0.005988604277    -0.1550467269     0.002012434902   
0.001649167269    3.408370804       5.550876115       -0.08385689549    -0.1096975331     0.7032827391      -0.03422491334    0.06002860433     0.09222483749     6.455205757       -0.9066215448     -0.06605180067    -0.7851125167     -0.2040007047     -0.1432263622     3.350047156       5.576201022       -0.2604048105     -0.1215012532     0.6591110128      0.005610833079    -0.1558261284     0.00202135684    
0.001666153311    3.40648821        5.550804651       -0.08258735587    -0.109732341      0.7023211597      -0.03420003808    0.05976599874     0.09200517644     6.455198412       -0.9072671767     -0.06590700769    -0.7849144602     -0.2040513652     -0.1435019524     3.350041375       5.576523213       -0.2611247677     -0.1214232867     0.658797206       0.00475925475     -0.1565508605     0.002026703884   
0.001683123428    3.404402229       5.550564213       -0.0815097567     -0.1099196006     0.7013598533      -0.03408981477    0.05942749359     0.09183062776     6.455254562       -0.9079755237     -0.06573142147    -0.7848296787     -0.2041016354     -0.1437756642     3.3500224         5.57687396        -0.2618570053     -0.1213849253     0.6584300202      0.004745439465    -0.1572418101     0.002036315366   
0.001700066811    3.402554262       5.550528379       -0.08017949351    -0.110017801      0.7005586678      -0.03355636271    0.05920694633     0.09144994567     6.45507095        -0.9087760444     -0.06563214716    -0.7846978933     -0.2041107085     -0.1440334249     3.349793067       5.577027618       -0.2626948166     -0.1214242134     0.6580995504      0.004372471731    -0.1578890919     0.002046337877   
0.001716975762    3.400539839       5.550375359       -0.07893831059    -0.1101206669     0.6997428586      -0.03436938293    0.05883423371     0.09149507114     6.455256025       -0.9091644059     -0.06532336046    -0.7846259243     -0.2041109735     -0.1442542502     3.349897473       5.577551516       -0.2631808342     -0.1213585994     0.6578976846      0.003543042863    -0.1586118878     0.002057681779   
0.001733857684    3.398676092       5.550344532       -0.0775405137     -0.110223035      0.6989079612      -0.03443301141    0.05848547768     0.09136813255     6.455266325       -0.9097100446     -0.06507639576    -0.7844986895     -0.2041611099     -0.1445061668     3.349722108       5.577861968       -0.2638240793     -0.1212112988     0.6575782815      0.002407793451    -0.1594405859     0.002061277522   
0.001750719722    3.3967059         5.55025895        -0.07621700631    -0.110391346      0.6980176553      -0.03394155264    0.05831548266     0.09122523892     6.455231945       -0.9102954331     -0.06485216558    -0.7843598708     -0.2042246022     -0.1447805349     3.34951425        5.578148066       -0.2645936384     -0.1211588406     0.6572310228      0.002188263945    -0.1601251578     0.002070588696   
0.001767541049    3.394682063       5.550176236       -0.07507458498    -0.1105782251     0.6972303425      -0.03495302987    0.05809732615     0.09116048763     6.45528714        -0.9108255331     -0.06463292395    -0.7842097094     -0.2042395759     -0.1450217527     3.349350874       5.578519022       -0.2652974641     -0.1211133058     0.6570079141      0.001959773716    -0.160732941      0.002075503522   
0.001784321873    3.392731319       5.550080458       -0.07381430755    -0.1107822826     0.6965332596      -0.03506864041    0.05779326799     0.09125318848     6.455432776       -0.9112439645     -0.06440543552    -0.7841027955     -0.2042362988     -0.1452247828     3.349303999       5.579144418       -0.2658570849     -0.1210643581     0.6568234737      0.00139959053     -0.1613303486     0.002086091655   
0.001801069508    3.39092691        5.550150264       -0.07235370982    -0.1108926043     0.6957215393      -0.0347636176     0.05764677278     0.09115802742     6.455414004       -0.9117313981     -0.06421108434    -0.7840558308     -0.2042928737     -0.1454725526     3.348972509       5.579482715       -0.2664890258     -0.1209428433     0.6564098085      0.001035879617    -0.1619799294     0.002090127677   
0.001817791305    3.388870671       5.549968986       -0.07102661072    -0.1111061254     0.6947407692      -0.03504900208    0.05713150789     0.09120240466     6.455497345       -0.9122381407     -0.06411177297    -0.7838914551     -0.2043782011     -0.1457468752     3.348598423       5.579803033       -0.2673813535     -0.1209577915     0.6559083529      -0.0005870394679  -0.1627541979     0.002097653722   
0.00183447163     3.387011315       5.550015822       -0.06957505559    -0.1112096846     0.6939033304      -0.03545448979    0.05672415474     0.09121974964     6.455541606       -0.9127077041     -0.06395399586    -0.7837196295     -0.2044260523     -0.1459797014     3.348233326       5.580209094       -0.2681709464     -0.1209345615     0.6557519973      -0.001500501459   -0.1634305835     0.002103417571   
0.001851113101    3.385043842       5.549991234       -0.06820297235    -0.1112946568     0.6930696237      -0.03613073754    0.05631347976     0.09125648728     6.455734405       -0.9129942351     -0.06371746248    -0.7835418646     -0.2044275409     -0.1462145545     3.347810829       5.580663209       -0.2688822298     -0.1208918076     0.6555391507      -0.002203737978   -0.1641222266     0.00211508174    
0.001867722048    3.383069055       5.549967987       -0.06697269053    -0.1114282521     0.6922684497      -0.03678590652    0.055916482       0.09134405821     6.455814362       -0.9132300272     -0.06355232204    -0.7834251342     -0.2045400409     -0.1464239959     3.347384518       5.581100091       -0.2695981707     -0.1208434459     0.6552768548      -0.001013993768   -0.1646680966     0.00211986393    
0.001884304469    3.380942054       5.549771434       -0.06575017559    -0.111614257      0.6913279661      -0.03748363536    0.05578154234     0.09136437633     6.455815454       -0.9138292954     -0.06334042682    -0.783293769      -0.2046552554     -0.1467237577     3.34680951        5.581319896       -0.270533887      -0.1207910648     0.6548186965      -0.00171956977    -0.165320267      0.002128092285   
0.001900866271    3.378976882       5.549722489       -0.06444000608    -0.1116353769     0.6903498397      -0.03613290269    0.05546068095     0.09146111114     6.4558392         -0.9141860148     -0.06305226894    -0.7832053667     -0.2047736383     -0.1469999559     3.346178334       5.581633536       -0.27121484       -0.1207386959     0.6542162663      -0.003207653537   -0.1660545152     0.002127219496   
0.001917413169    3.376926029       5.549585947       -0.06303944525    -0.1119663039     0.6893487756      -0.03598447123    0.05520058974     0.09145925688     6.455770143       -0.9146360401     -0.06282868894    -0.783223201      -0.2048772904     -0.1472510084     3.345494552       5.581860714       -0.2719295864     -0.120704106      0.6537947477      -0.003044289275   -0.1666327461     0.002132876492   
0.00193394188     3.374898334       5.549509008       -0.06174465928    -0.1122066969     0.6883615009      -0.03590814007    0.05477292509     0.09154315687     6.455751639       -0.9149586733     -0.06260432891    -0.7832666855     -0.205003568      -0.1475388425     3.344830695       5.582214274       -0.2724982325     -0.1207972376     0.6533343642      -0.003420952956   -0.1672566696     0.0021380268     
0.001950442985    3.372906605       5.549453613       -0.06024947285    -0.112246914      0.6874656167      -0.035475542      0.05439262919     0.09158097556     6.45570405        -0.9154499554     -0.06248270924    -0.7833290253     -0.205110379      -0.1477859634     3.343963359       5.582440798       -0.273292712      -0.1207986579     0.6529146099      -0.004625821394   -0.1679403241     0.002144683013   
0.001966921398    3.3709111         5.549410246       -0.05880002479    -0.1124457139     0.6865431585      -0.03477701431    0.054082096       0.0917787099      6.455756651       -0.9157664556     -0.06228303421    -0.7833963356     -0.2051951967     -0.1480243211     3.343221872       5.58281001        -0.2740133226     -0.1206883002     0.6524386176      -0.005709677446   -0.1686275444     0.002149005852   
0.001983381825    3.368764523       5.549248387       -0.05754413346    -0.1126695961     0.6854432862      -0.03400894412    0.05367618114     0.09186187911     6.455768264       -0.9161288278     -0.06215089265    -0.7834812177     -0.2054465858     -0.1484600585     3.342487667       5.583167182       -0.2746336397     -0.1206623923     0.651959035       -0.006759409805   -0.1693513788     0.002149272982   
0.00199982916     3.366751832       5.549210505       -0.0561484707     -0.1127723475     0.6843056652      -0.03371327927    0.05325874135     0.09193467567     6.455732991       -0.9165824383     -0.06213686186    -0.7834256923     -0.2055363086     -0.1486387585     3.341604924       5.583474346       -0.2753121251     -0.1206291499     0.6515295516      -0.006067916998   -0.169928636      0.002150418044   
0.002016269339    3.364578719       5.549011651       -0.0548069265     -0.1129545336     0.6831053987      -0.03376037831    0.05273768087     0.09204973165     6.455655906       -0.9170945121     -0.06203246049    -0.7834446036     -0.2056756515     -0.1488558158     3.340605542       5.583672905       -0.276080107      -0.1206230285     0.6509588719      -0.00667239242    -0.1706342814     0.002153884257   
0.002032708298    3.362316292       5.548710731       -0.05354902841    -0.113223689      0.6818777133      -0.03459985238    0.05233041735     0.09239587262     6.455808905       -0.9172728587     -0.0618269799     -0.783496725      -0.2058232745     -0.1490985227     3.339720974       5.583989737       -0.2767738292     -0.1205641225     0.6502508731      -0.00757772077    -0.171397         0.002157765254   
0.002049151788    3.36014384        5.548551975       -0.0522166055     -0.1134337172     0.6807118187      -0.0348636256     0.05186329499     0.09234728686     6.455585629       -0.9178641385     -0.06187359438    -0.7835185861     -0.2059718412     -0.1493320771     3.338440656       5.583937492       -0.2777382691     -0.1205458971     0.6495999178      -0.008180005405   -0.1721520594     0.002159634381   
0.002065605408    3.357981822       5.548357818       -0.05090008307    -0.113764501      0.6793828336      -0.03613778201    0.05133425863     0.09256178699     6.455613713       -0.9182032802     -0.06178164564    -0.7836055328     -0.2061509955     -0.1495979289     3.337305472       5.584274228       -0.2783331411     -0.1206417156     0.6488448907      -0.009455352365   -0.1729784253     0.002155374416   
0.002082074727    3.355636562       5.548021992       -0.04968612403    -0.1139439745     0.6780877585      -0.0337458371     0.0509879169      0.09265143672     6.455460575       -0.918566542      -0.06163186746    -0.7838289847     -0.2063384343     -0.1498831704     3.336059495       5.584444757       -0.2790369455     -0.1207297916     0.6480437835      -0.00998454736    -0.1737231991     0.002154108487   
0.002098520977    3.353530249       5.547964572       -0.04831286306    -0.1140751973     0.6770341425      -0.03368449244    0.05060226664     0.09301237943     6.455507059       -0.9186444169     -0.06142318993    -0.7843031189     -0.2064021078     -0.1500687273     3.335019338       5.584835453       -0.2794015547     -0.120674838      0.6478090517      -0.0097227123     -0.1744794522     0.002154557684   
0.002114936714    3.351355144       5.547899849       -0.04697644765    -0.1141734756     0.676102528       -0.03467471888    0.05023629171     0.0931910741      6.455362763       -0.9189694109     -0.06133055554    -0.7845676388     -0.206541818      -0.1502955581     3.333775159       5.585084934       -0.2799469781     -0.1206043091     0.6474270969      -0.01010988161    -0.1751849113     0.002162045324   
0.002131324904    3.349333346       5.547967664       -0.04548398881    -0.1143280058     0.6750188821      -0.03451773499    0.04983923952     0.0934854015      6.455382951       -0.9192672546     -0.06110838379    -0.7847335425     -0.2066367685     -0.1504977807     3.332691224       5.585516857       -0.2803989947     -0.1204812151     0.6470204869      -0.01072866089    -0.1759301029     0.002167488872   
0.002147688512    3.347172519       5.547929171       -0.04417025476    -0.1144858878     0.6740944168      -0.0339860738     0.04953400157     0.09390289927     6.455542544       -0.9194342842     -0.06095908695    -0.7845915398     -0.206713983      -0.1506048803     3.331500709       5.585986462       -0.280657815      -0.1204398485     0.6466679124      -0.009751356997   -0.176512438      0.002171046754   
0.002164030862    3.345187185       5.548070571       -0.04270331687    -0.1146137938     0.6731298211      -0.03246688589    0.04919276165     0.09425690611     6.455538662       -0.9196966789     -0.06081722458    -0.7846987522     -0.206838155      -0.1508084421     3.330327635       5.586451929       -0.2809951013     -0.1203025727     0.6462147676      -0.01061716278    -0.1773611679     0.002173267186   
0.002180355304    3.342779753       5.547842307       -0.04165133432    -0.1147917945     0.6721254047      -0.03241374974    0.04880631393     0.0947516625      6.455807041       -0.9197017827     -0.06075214254    -0.7845285239     -0.2069610821     -0.1510013961     3.329071988       5.586903735       -0.2814554409     -0.1203437708     0.6459041248      -0.01106809229    -0.1780460537     0.002177044745   
0.002196663729    3.340559591       5.54774925        -0.04037578451    -0.114957942      0.671215436       -0.03304561067    0.04837829469     0.09528436076     6.456015768       -0.9197413647     -0.06065548224    -0.7848356746     -0.2071478093     -0.1512469253     3.327739139       5.587330452       -0.281820596      -0.1202600603     0.6454035863      -0.0126865414     -0.1789795161     0.002178594354   
0.002212950412    3.338257076       5.547592587       -0.03911762243    -0.1151733047     0.6702538919      -0.03260294519    0.04798545164     0.09570794246     6.456027922       -0.9200320872     -0.06057723149    -0.7845147541     -0.2072246163     -0.1513604074     3.326485045       5.587750608       -0.2819119251     -0.1201986128     0.645400598       -0.009610714927   -0.1794349605     0.002190179478   
0.002229216489    3.336198163       5.547631933       -0.03766193246    -0.1153226967     0.6693164249      -0.03279146184    0.04756872662     0.09624696322     6.456135765       -0.9201895041     -0.06035941977    -0.7847313477     -0.2073211644     -0.1514483082     3.325293084       5.58842517        -0.2818327398     -0.1201329774     0.6450398511      -0.009544361084   -0.1801359846     0.002189110607   
0.002245463023    3.333978037       5.547625262       -0.0363080588     -0.1154967634     0.6684161811      -0.03239664149    0.04717831385     0.09671593571     6.456185735       -0.9203807501     -0.06015917768    -0.7844276801     -0.2074588297     -0.1516057655     3.323840336       5.588876189       -0.2820450819     -0.1200272754     0.6447818117      -0.01054299306    -0.1809046578     0.00219253665    
0.002261691007    3.33188096        5.547700532       -0.03482292851    -0.1156618081     0.6674541865      -0.03177694445    0.04686671641     0.09724461945     6.456352349       -0.9204874954     -0.05998994458    -0.784633433      -0.2075937651     -0.1517897128     3.322460829       5.589342895       -0.2822080092     -0.1200289958     0.6443490721      -0.01126763854    -0.1816528733     0.002195072831   
0.002277901457    3.329608623       5.547605837       -0.03351231751    -0.1159137324     0.6664444379      -0.03204848537    0.04642472746     0.09770516972     6.456446514       -0.9207390515     -0.05999244408    -0.7843319214     -0.207700404      -0.1519484395     3.32088908        5.589676572       -0.2824393008     -0.1199169521     0.6441762113      -0.009795266914   -0.1822357561     0.002199093151   
0.002294095359    3.32746648        5.54763971        -0.03213069638    -0.1160096274     0.665475068       -0.03226852766    0.04602406013     0.09839573568     6.456680011       -0.9207903152     -0.0599161304     -0.7843882682     -0.2078271674     -0.152092252      3.319712568       5.590322433       -0.2820605369     -0.1196743372     0.6438020857      -0.0101921971     -0.1828763613     0.002199526411   
0.002310273729    3.325136736       5.54751894        -0.03086652306    -0.1162301769     0.6644732016      -0.03210432164    0.04557368222     0.09893511062     6.456688805       -0.9208387921     -0.05977283083    -0.7842466606     -0.207979403      -0.152259009      3.31804582        5.590626071       -0.2822041137     -0.1195004881     0.6434329551      -0.01139430648    -0.1836210113     0.00220656191    
0.0023264376      3.322953517       5.547506012       -0.02950105527    -0.1164300277     0.6634510805      -0.03197160063    0.04514899926     0.09949282311     6.45677605        -0.9207475314     -0.05960713493    -0.7843115433     -0.2081591848     -0.1524236006     3.31639483        5.591050847       -0.282440336      -0.1195304916     0.6430250209      -0.01169318319    -0.1845002085     0.00220678158    
0.002342588028    3.320587746       5.547393802       -0.02823449703    -0.116593087      0.6625489698      -0.03177014698    0.04469371568     0.1001516173      6.456899226       -0.9207414371     -0.05944484874    -0.7842172341     -0.208331614      -0.1526189849     3.314799724       5.59153408        -0.2824085648     -0.1196248945     0.6426485031      -0.01141561293    -0.1851974197     0.002207336904   
0.002358726095    3.318442975       5.547447597       -0.02680261653    -0.1166880128     0.6616589848      -0.03133266365    0.044250015       0.100849973       6.457085658       -0.9207817102     -0.05922120732    -0.7843010752     -0.2085015832     -0.1527760287     3.313164597       5.591958905       -0.2824252929     -0.119488035      0.6421938425      -0.01192076096    -0.1859246018     0.002210819162   
0.002374852872    3.316021853       5.547313296       -0.02570223581    -0.1168221042     0.6606106173      -0.03207062026    0.04375485397     0.1014579009      6.457145526       -0.9209406105     -0.05909814907    -0.7841714087     -0.2086584435     -0.1529456215     3.311341655       5.592285221       -0.2825630585     -0.1192767609     0.6418242415      -0.01310494303    -0.1866870699     0.002215094448   
0.002390969453    3.313791535       5.547368007       -0.02441017112    -0.1168888965     0.6595960457      -0.03196720471    0.04328767218     0.1021995236      6.457280611       -0.9211204133     -0.05894396623    -0.7842002744     -0.2088026634     -0.1530472163     3.309860469       5.592811839       -0.2820678086     -0.1192353783     0.6414942564      -0.01326441461    -0.1875112174     0.002214749575   
0.002407076902    3.311458801       5.547328391       -0.02316596784    -0.1169497605     0.6585775855      -0.03163906012    0.04286948764     0.1026224112      6.457107751       -0.9208063859     -0.05899153422    -0.7842026467     -0.2089941887     -0.1531835576     3.307937733       5.593028216       -0.2821788312     -0.1191742758     0.6411412697      -0.01350245975    -0.1882974404     0.002217057416   
0.002423176265    3.309221806       5.547389437       -0.02181059629    -0.1170790578     0.6576806146      -0.03144921849    0.04245307476     0.1031361203      6.457026523       -0.9204096726     -0.0589684342     -0.7841972099     -0.2091593321     -0.1533430537     3.306023309       5.59326577        -0.282223082      -0.1191647676     0.6407506458      -0.01329817701    -0.1890765511     0.00221606643    
0.002439268525    3.306956636       5.547365249       -0.02043940708    -0.1172224619     0.6566274235      -0.03279229577    0.04188009211     0.1038518123      6.45709581        -0.9204218973     -0.0588647984     -0.7841740778     -0.2093636046     -0.1535284976     3.304113447       5.593541081       -0.2822925967     -0.1189364737     0.6404457921      -0.01239227208    -0.1896589001     0.002222041712   
0.002455354641    3.304653006       5.547291777       -0.01914540175    -0.1174824905     0.6555007732      -0.03343111901    0.04140673443     0.1046674192      6.457300221       -0.9204332247     -0.05883283272    -0.784148437      -0.2095495165     -0.1536882941     3.302325771       5.594154055       -0.2818249898     -0.1188167798     0.6399912743      -0.01403327984    -0.1904234744     0.002217952871   
0.002471435543    3.302258583       5.547229028       -0.01804420553    -0.1175883993     0.654582125       -0.03329535988    0.0410602839      0.1054152315      6.457430253       -0.9204247455     -0.0588125741     -0.7840836645     -0.2096846582     -0.1537920187     3.300536548       5.594569584       -0.2814004587     -0.1188413104     0.6397403623      -0.01449442556    -0.1911518156     0.002218548917   
0.002487512061    3.299898466       5.547166177       -0.01681046917    -0.1177964947     0.6535714453      -0.03326192193    0.04064410717     0.1061600347      6.457490622       -0.9203569282     -0.05885334034    -0.7840867315     -0.209867321      -0.1539419545     3.298630274       5.594963101       -0.2810523445     -0.118833981      0.6393068427      -0.01394964482    -0.1918019702     0.002213663919   
0.002503584992    3.297588135       5.547205716       -0.01558948107    -0.1177465432     0.6524961124      -0.03282949458    0.04016539869     0.1068332386      6.457424477       -0.920461006      -0.05880935197    -0.7840825701     -0.2100593032     -0.1540803159     3.296645357       5.595281134       -0.2807881472     -0.1186754863     0.6390272591      -0.01275523047    -0.192358785      0.002221555742   
0.002519655077    3.29525183        5.547181129       -0.01435379691    -0.1178059584     0.6515507398      -0.03151325522    0.03984126147     0.1076485604      6.457533225       -0.9203832928     -0.05881276381    -0.7840740033     -0.2102602825     -0.1542245712     3.294794716       5.595730196       -0.2800484755     -0.1185583103     0.6385181962      -0.01472717752    -0.193402286      0.002218399658   
0.002535723151    3.292834519       5.547151364       -0.01328865616    -0.1180328269     0.6505189142      -0.03125866412    0.03938534404     0.1085059327      6.457691592       -0.9202818012     -0.05882547318    -0.7840163693     -0.2104297773     -0.1543470748     3.292995571       5.596345734       -0.2790146931     -0.1186372466     0.6382680641      -0.01424674474    -0.1940289802     0.00222115285    
0.002551790074    3.290628091       5.54726996        -0.01198578979    -0.1181897783     0.6494949281      -0.03234185523    0.03884260382     0.1092410307      6.457637238       -0.9202961136     -0.05878118218    -0.7842456246     -0.2106065144     -0.1544531781     3.290806241       5.596688331       -0.2788887139     -0.1183946424     0.63797268        -0.01337724778    -0.1946599307     0.002218869795   
0.002567856682    3.287907488       5.547043699       -0.01129435015    -0.1182896663     0.6484072847      -0.03107792782    0.03846824882     0.1100694575      6.457719469       -0.9202764502     -0.05875849498    -0.7843885432     -0.2108010662     -0.1545797569     3.288734788       5.597103432       -0.2784200464     -0.1184534669     0.6375144562      -0.01369087938    -0.1954843        0.002223133143   
0.002583923808    3.285257432       5.546786687       -0.0103843995     -0.1184614561     0.6472850704      -0.03169651184    0.03794264125     0.1110618536      6.457928555       -0.920135483      -0.05878032657    -0.7843624366     -0.2109762896     -0.1546929391     3.286799929       5.597654902       -0.277640563      -0.11838243       0.6371089961      -0.01340878612    -0.1962820755     0.002217068454   
0.002599992346    3.283044417       5.546894908       -0.008823425097   -0.118502522      0.6462921143      -0.03104614592    0.03755075459     0.1121437661      6.458200673       -0.9197550247     -0.05876031966    -0.784327626      -0.2111498944     -0.1547836574     3.28470415        5.597953634       -0.2770703167     -0.1182267569     0.6368238438      -0.01332123225    -0.1970415591     0.002216332609   
0.002616057141    3.280751728       5.546993738       -0.007594987      -0.118683474      0.6454689355      -0.02874840626    0.03727356346     0.1131759405      6.458363431       -0.9194685393     -0.05861763559    -0.7842942559     -0.21132177       -0.1548673253     3.282713468       5.59838717        -0.2762405061     -0.1181094199     0.6366100925      -0.01327637973    -0.1977750961     0.002210358326   
0.002632112558    3.278284111       5.54694388        -0.006465798438   -0.1188581565     0.6443849015      -0.02989422355    0.03669356727     0.1140128751      6.458340556       -0.9194954663     -0.05869737281    -0.784345953      -0.2114762932     -0.1549391854     3.28055511        5.598820767       -0.2754014231     -0.1180194362     0.6363443172      -0.01171919767    -0.1984500905     0.002205000777   
0.002648159965    3.275941047       5.547004314       -0.005242572268   -0.1190618692     0.643480658       -0.03059816632    0.036354837       0.1149345916      6.45850924        -0.9195808055     -0.05881857352    -0.7843276974     -0.2116624105     -0.1550278356     3.27849942        5.599282091       -0.2743193556     -0.1177555936     0.6360915666      -0.01272616913    -0.1991320002     0.002202840447   
0.002664200736    3.273525016       5.547042329       -0.004139827772   -0.1192877624     0.6425830959      -0.02891889024    0.03592234768     0.115910545       6.45861594        -0.9194874602     -0.05893009754    -0.7842883105     -0.2118401889     -0.1550985105     3.276442147       5.599818646       -0.2733035022     -0.1175716508     0.6358990655      -0.01177878944    -0.1997986714     0.002207226835   
0.002680236251    3.270961108       5.54700641        -0.003328066627   -0.1194452468     0.6418066708      -0.02656402133    0.03566534747     0.1168782211      6.458743287       -0.919272176      -0.05891355119    -0.7842781012     -0.2120144735     -0.1551384842     3.274243154       5.600230493       -0.2723174425     -0.1175111731     0.6355971555      -0.0128486095     -0.2004734086     0.002202866258   
0.002696267912    3.268357674       5.546910715       -0.002405083317   -0.1196779626     0.6409643832      -0.02507622495    0.0352766943      0.1180233793      6.458992287       -0.9188976108     -0.05887592092    -0.7842757291     -0.2122340033     -0.1552614079     3.272067239       5.600783325       -0.2713899089     -0.1173011969     0.6352922145      -0.01301820861    -0.2014760023     0.002205011998   
0.002712297179    3.265822462       5.546827617       -0.001362976795   -0.1199779392     0.6399028233      -0.02444369946    0.03475847791     0.119185334       6.459266809       -0.9185519591     -0.05886923454    -0.7841207462     -0.2123865812     -0.1552975808     3.270061782       5.601476949       -0.2699834441     -0.1170515385     0.6350995121      -0.01234718475    -0.2020200508     0.002207504062   
0.00272832558     3.263261264       5.546770768       -0.0004297030838  -0.1201544091     0.6389511617      -0.02428627674    0.03417369937     0.1202270937      6.459425843       -0.9184695758     -0.05902439535    -0.7840837919     -0.2126066679     -0.1553807156     3.267999583       5.601998373       -0.2684599281     -0.1169496354     0.6348728094      -0.01053194498    -0.2025889829     0.002208289547   
0.002744354575    3.260748518       5.546694796       0.0006481758294   -0.1203558516     0.638060718       -0.02274373738    0.03384539035     0.1212050751      6.45944536        -0.9183015757     -0.05911304673    -0.7840536344     -0.212823226      -0.1554651947     3.265510123       5.602234154       -0.2675898318     -0.1168878208     0.634564928       -0.01035456948    -0.2032475953     0.002199786611   
0.002760385556    3.258182567       5.546592451       0.001582550131    -0.1204294252     0.6370899258      -0.02109887351    0.03339983526     0.1222552168      6.459497476       -0.9180803978     -0.05921248094    -0.7840202872     -0.2130513345     -0.1555439595     3.263116394       5.602558058       -0.2664024935     -0.1167863615     0.6341823615      -0.009717796024   -0.2039545383     0.002203959077   
0.002776419747    3.25539708        5.546405454       0.002127047268    -0.1204617824     0.6360691284      -0.02064782158    0.03298893667     0.1232720349      6.459537083       -0.9178708356     -0.05923609971    -0.7839805952     -0.2132755526     -0.1556041675     3.260679641       5.602843672       -0.265249048      -0.11674756       0.6338718486      -0.009010430569   -0.2048555686     0.002197968357   
0.002792458251    3.252574632       5.546307082       0.002760902615    -0.1206044829     0.6350804204      -0.0194211448     0.03258256899     0.1243378804      6.459662459       -0.9177301506     -0.05935959396    -0.7838347818     -0.2135074803     -0.155695266      3.258271302       5.603229028       -0.2639333471     -0.1166015558     0.6336068967      -0.009249196578   -0.2056837949     0.00220063437    
0.00280850207     3.249974883       5.546294537       0.003608106799    -0.1208051499     0.6342676705      -0.01712890561    0.03251349926     0.1255133873      6.459829567       -0.9173620923     -0.05936625372    -0.7837472154     -0.2137182341     -0.1557345972     3.255927862       5.603639576       -0.2623614939     -0.1165005204     0.6334041927      -0.008556917507   -0.2061569936     0.002190051523   
0.002824552156    3.247268308       5.546146636       0.004441650479    -0.1210084957     0.6331290645      -0.01812673783    0.03204119416     0.1267204753      6.460036858       -0.9171451245     -0.05949472631    -0.7837158548     -0.2139345363     -0.1558099103     3.253603383       5.60418905        -0.2608617809     -0.1163650641     0.63305274        -0.00806594672    -0.2068014624     0.002192932756   
0.002840609302    3.244860603       5.546232995       0.005602941144    -0.1211508308     0.6321347655      -0.01647729949    0.03118696288     0.127692426       6.459999533       -0.917023949      -0.05968580503    -0.7837057407     -0.2141649222     -0.1558921111     3.250936768       5.60436265        -0.2598172201     -0.1162448945     0.6327199203      -0.007387989542   -0.2075102931     0.002185893464   
0.002856674036    3.242173247       5.54613228        0.006393266066    -0.1212734904     0.6312634104      -0.01499488257    0.03081331707     0.1289571693      6.46020956        -0.916751893      -0.05972382327    -0.7835845675     -0.214339863      -0.1559518748     3.248522606       5.60495605        -0.2582556416     -0.1161864143     0.6325008722      -0.006264736475   -0.2082393014     0.002186253961   
0.00287274669     3.239671902       5.546183672       0.007388921254    -0.1214668105     0.6302947141      -0.01317860005    0.03043459636     0.1301113585      6.460291798       -0.9162800588     -0.05980631131    -0.7835247493     -0.2145642887     -0.1559405445     3.246067807       5.605344902       -0.2567049663     -0.1161388043     0.6322158263      -0.004991171265   -0.2088401487     0.002175138667   
0.00288882752     3.23696431        5.546070705       0.008189434633    -0.1216451907     0.629179396       -0.01174976076    0.03009820137     0.1312305977      6.460353178       -0.9159042993     -0.05984714897    -0.7835648505     -0.2147928172     -0.1558491788     3.243609546       5.605662479       -0.2550862525     -0.11593342       0.6318265254      -0.005390581044   -0.2097882603     0.002177645353   
