# Region type :   patch ambient_openings
# Faces           : 8098
# Area            : 2.0799987579e+00
# Scale factor    : 1.0000000000e+00
# Time            	sumMag(phi)
0.000112          	4.3304197819e-05
0.0001264         	4.8864114388e-05
0.00014368        	5.5532942691e-05
0.000164416       	6.3535290967e-05
0.0001892992      	7.3141233100e-05
0.0002142992      	8.2787944751e-05
0.0002392992      	9.2437662537e-05
0.0002642992      	1.0209510179e-04
0.0002892992      	1.1175190764e-04
0.0003142992      	1.2140377784e-04
0.0003392992      	1.3105368054e-04
0.0003642992      	1.4070035879e-04
0.0003892992      	1.5034862677e-04
0.0004142992      	1.5999455478e-04
0.0004392992      	1.6964167583e-04
0.0004642992      	1.7928667420e-04
0.0004892992      	1.8893133133e-04
0.0005142992      	1.9857524668e-04
0.0005392992      	2.0821771591e-04
0.0005642992      	2.1785984061e-04
0.0005892992      	2.2750038485e-04
0.0006142992      	2.3714043155e-04
0.0006392992      	2.4677848707e-04
0.0006642992      	2.5641609248e-04
0.0006892992      	2.6605183231e-04
0.0007142992      	2.7568738238e-04
0.0007392992      	2.8532098079e-04
0.0007642992      	2.9495444661e-04
0.0007892992      	3.0458579453e-04
0.0008142992      	3.1421689642e-04
0.0008392992      	3.2384614211e-04
0.0008642992      	3.3347490983e-04
0.0008892992      	3.4310238430e-04
0.0009142992      	3.5272867744e-04
0.0009392992      	3.6235417069e-04
0.0009642992      	3.7197777580e-04
0.0009892992      	3.8160148342e-04
0.0010142992      	3.9122244350e-04
0.0010392992      	4.0084427303e-04
0.0010642992      	4.1046282802e-04
0.0010892992      	4.2008279650e-04
0.0011142992      	4.2969930880e-04
0.0011392992      	4.3931704875e-04
0.0011642992      	4.4893172936e-04
0.0011892992      	4.5854708501e-04
0.0012142992      	4.6815981201e-04
0.0012392992      	4.7777280374e-04
0.0012642992      	4.8738363104e-04
0.0012892992      	4.9699417395e-04
0.0013142992      	5.0660301173e-04
0.0013392992      	5.1621126824e-04
0.0013642992      	5.2581808299e-04
0.0013892992      	5.3542406970e-04
0.0014142992      	5.4502876754e-04
0.0014392992      	5.5463245331e-04
0.0014642992      	5.6423502381e-04
0.0014892992      	5.7383640309e-04
0.0015142992      	5.8343707825e-04
0.0015392992      	5.9303622161e-04
0.0015642992      	6.0263484923e-04
0.0015892992      	6.1223147339e-04
0.0016142992      	6.2182801650e-04
0.0016392992      	6.3142217155e-04
0.0016642992      	6.4101657800e-04
0.0016892992      	6.5060821566e-04
0.0017142992      	6.6020030947e-04
0.0017392992      	6.6978950668e-04
0.0017642992      	6.7937930738e-04
0.0017892992      	6.8896619334e-04
0.0018142992      	6.9855363261e-04
0.0018392992      	7.0813820999e-04
0.0018642992      	7.1772322829e-04
0.0018892992      	7.2730546350e-04
0.0019142992      	7.3688811423e-04
0.0019392992      	7.4646806222e-04
0.0019642992      	7.5604828656e-04
0.0019892992      	7.6562603723e-04
0.0020142992      	7.7520400029e-04
0.0020392992      	7.8477949470e-04
0.0020642992      	7.9435490002e-04
0.0020892992      	8.0392789035e-04
0.0021142992      	8.1350071772e-04
0.0021392992      	8.2307122825e-04
0.0021642992      	8.3264155716e-04
0.0021892992      	8.4220967747e-04
0.0022142992      	8.5177757807e-04
0.0022392992      	8.6134334396e-04
0.0022642992      	8.7090880717e-04
0.0022892992      	8.8047217621e-04
0.0023142992      	8.9003519865e-04
0.0023392992      	8.9959630929e-04
0.0023642992      	9.0915684272e-04
0.0023892992      	9.1871566273e-04
0.0024142992      	9.2827365098e-04
0.0024392992      	9.3783020939e-04
0.0024642992      	9.4738564119e-04
0.0024892992      	9.5694001092e-04
0.0025142992      	9.6649294048e-04
0.0025392992      	9.7604501153e-04
0.0025642992      	9.8559542110e-04
0.0025892992      	9.9514512254e-04
0.0026142992      	1.0046929813e-03
0.0026392992      	1.0142403088e-03
0.0026642992      	1.0237857040e-03
0.0026892992      	1.0333307059e-03
0.0027142992      	1.0428736893e-03
0.0027392992      	1.0524163498e-03
0.0027642992      	1.0619569345e-03
0.0027892992      	1.0714971652e-03
0.0028142992      	1.0810352624e-03
0.0028392992      	1.0905730413e-03
0.0028642992      	1.1001087667e-03
0.0028892992      	1.1096440888e-03
0.0029142992      	1.1191774709e-03
0.0029392992      	1.1287104310e-03
0.0029642992      	1.1382416066e-03
0.0029892992      	1.1477721639e-03
0.0030142992      	1.1573010197e-03
0.0030392992      	1.1668291713e-03
0.0030642992      	1.1763558407e-03
0.0030892992      	1.1858816568e-03
0.0031142992      	1.1954061085e-03
0.0031392992      	1.2049295708e-03
0.0031642992      	1.2144516926e-03
0.0031892992      	1.2239727070e-03
0.0032142992      	1.2334925103e-03
0.0032392992      	1.2430110870e-03
0.0032642992      	1.2525285109e-03
0.0032892992      	1.2620447657e-03
0.0033142992      	1.2715599349e-03
0.0033392992      	1.2810738839e-03
0.0033642992      	1.2905867734e-03
0.0033892992      	1.3000984267e-03
0.0034142992      	1.3096091376e-03
0.0034392992      	1.3191184841e-03
0.0034642992      	1.3286269374e-03
0.0034892992      	1.3381339406e-03
0.0035142992      	1.3476399602e-03
0.0035392992      	1.3571444233e-03
0.0035642992      	1.3666479365e-03
0.0035892992      	1.3761500057e-03
0.0036142992      	1.3856512839e-03
0.0036392992      	1.3951510570e-03
0.0036642992      	1.4046500337e-03
0.0036892992      	1.4141475157e-03
0.0037142992      	1.4236442783e-03
0.0037392992      	1.4331395290e-03
0.0037642992      	1.4426340429e-03
0.0037892992      	1.4521270036e-03
0.0038142992      	1.4616191359e-03
0.0038392992      	1.4711098422e-03
0.0038642992      	1.4805997273e-03
0.0038892992      	1.4900882965e-03
0.0039142992      	1.4995759097e-03
0.0039392992      	1.5090621018e-03
0.0039642992      	1.5185474578e-03
0.0039892992      	1.5280315099e-03
0.0040142992      	1.5375146560e-03
0.0040392992      	1.5469965048e-03
0.0040642992      	1.5564774471e-03
0.0040892992      	1.5659571296e-03
0.0041142992      	1.5754359005e-03
