# Probe 0 (-0.111 0.039 0.008)
# Probe 1 (-0.111 0.039 0.02)
# Probe 2 (-0.111 0.046 0.004)
# Probe 3 (-0.111 0.06 0.004)
# Probe 4 (-0.111 0.037 0.219)
# Probe 5 (-0.111 0.046 0.239)
# Probe 6 (-0.111 0.046 0.25)
# Probe 7 (0.07 0.039 0.008)
# Probe 8 (0.07 0.039 0.02)
# Probe 9 (0.07 0.046 0.004)
# Probe 10 (0.07 0.06 0.004)
# Probe 11 (0.07 0.037 0.219)
# Probe 12 (0.07 0.046 0.239)
# Probe 13 (0.07 0.046 0.25)
# Probe 14 (0.111 0.039 0.008)
# Probe 15 (0.111 0.039 0.02)
# Probe 16 (0.111 0.046 0.004)
# Probe 17 (0.111 0.06 0.004)
# Probe 18 (0.111 0.037 0.219)
# Probe 19 (0.111 0.046 0.239)
# Probe 20 (0.111 0.046 0.25)
# Probe 21 (0 0.25 0.1)
# Time            0                 1                 2                 3                 4                 5                 6                 7                 8                 9                 10                11                12                13                14                15                16                17                18                19                20                21               
0.000112          2.473122246       2.500637711       1.970768888       0.8370979412      0.5227236776      0.3886595221      0.29658172        2.610975586       2.64389389        2.111812443       0.9519838077      0.6110436816      0.33828295        0.2883817561      2.479183712       2.508948766       1.974753373       0.8372403143      0.5294508807      0.390673459       0.2979035122      0.06852653176    
0.0001264         2.46906996        2.496473358       1.967467282       0.835503726       0.5213946427      0.3877921718      0.2959404284      2.606961438       2.639714771       2.108507457       0.9502658259      0.609670646       0.337553014       0.2877699898      2.475208781       2.504808563       1.971508503       0.8356499139      0.5280599323      0.3897646489      0.2972374296      0.06837880646    
0.00014368        2.468691151       2.496112131       1.967077425       0.8350711904      0.5210103251      0.387439616       0.2957065822      2.606415132       2.639269722       2.108144029       0.9498899974      0.6093785771      0.3373372536      0.2875984678      2.474642939       2.504235651       1.970988559       0.8352026273      0.527622925       0.3894063074      0.296999346       0.06837771829    
0.000164416       2.470578713       2.498096034       1.96844354        0.8352264819      0.5211721923      0.3874545367      0.2957443614      2.608331032       2.641298339       2.109460574       0.9500983684      0.6098156902      0.3374459556      0.2876962468      2.476462451       2.506143862       1.972290701       0.8353188074      0.5277955012      0.3894117957      0.2970318246      0.06837175456    
0.0001892992      2.472280022       2.49990907        1.969651246       0.8352744191      0.5214297041      0.3876359362      0.2958821252      2.609899632       2.643070334       2.110688847       0.9502603041      0.610267309       0.3376169564      0.2878471839      2.478038281       2.507825992       1.973407033       0.8353519617      0.5280542972      0.3896004654      0.2971741413      0.0684073728     
0.0002142992      2.471065197       2.49884086        1.968467947       0.8340856754      0.5212151588      0.3881736731      0.2961446277      2.60861383        2.642093572       2.109233695       0.9490089701      0.6104400642      0.3377527233      0.2879516388      2.477218887       2.507202917       1.972512576       0.83424166        0.5279138021      0.3901661269      0.2974561185      0.06830813426    
0.0002392992      2.473295938       2.501358174       1.970062416       0.8341370197      0.5219428069      0.3889251305      0.2966315257      2.610810754       2.644651914       2.110861015       0.9491564068      0.6114999306      0.3382452991      0.2883579352      2.479624102       2.509933061       1.974238531       0.8343437201      0.5287306778      0.3909460445      0.297961524       0.06832920342    
0.0002642992      2.477477981       2.505818664       1.973214245       0.8349289299      0.5230428531      0.389788619       0.2972309761      2.615336789       2.64950385        2.114204194       0.9501175178      0.612900394       0.3388940968      0.2888983051      2.484129679       2.514754542       1.97761552        0.8351742513      0.5298917515      0.3918287017      0.2985728204      0.06838048586    
0.0002892992      2.476752305       2.505300452       1.972484872       0.8341592397      0.5230358665      0.3898233317      0.2972083947      2.614475077       2.648895071       2.113312156       0.9493035714      0.6129643573      0.3388381768      0.2888423261      2.483502856       2.514356127       1.976960259       0.8344248948      0.5299180798      0.3918881903      0.2985649734      0.06835122429    
0.0003142992      2.476640652       2.505399004       1.972221795       0.8335738168      0.5231996397      0.3897881813      0.2971570211      2.61437774        2.649041458       2.112981712       0.9487002601      0.61318447        0.3387898525      0.2887936136      2.483643459       2.514726952       1.976885433       0.8339038824      0.5300995271      0.3918537213      0.2985150368      0.06829517429    
0.0003392992      2.476985003       2.505967689       1.972361942       0.8332642046      0.5234430638      0.3897868805      0.2971476663      2.614671001       2.649579006       2.113036293       0.9483504219      0.613519269       0.3388136279      0.2888089291      2.484020774       2.515345127       1.977039153       0.833580109       0.5303745429      0.3918726974      0.2985170933      0.0682977718     
0.0003642992      2.477472368       2.506669646       1.972585362       0.8329315486      0.5237021939      0.3898500173      0.2971768185      2.615360339       2.650489129       2.113367099       0.9480786548      0.6138865457      0.3388577848      0.2888410631      2.484842533       2.516380879       1.977525913       0.8333484135      0.5306576845      0.3919315403      0.2985457123      0.06826135999    
0.0003892992      2.478839195       2.508231296       1.973536215       0.8330203238      0.5241175157      0.3900016221      0.2972867602      2.616414712       2.651779779       2.114039226       0.9480800272      0.6143889871      0.33899899        0.2889591812      2.485914278       2.51768065        1.97822818        0.8333191826      0.5310854437      0.3920923695      0.2986593043      0.06829849007    
0.0004142992      2.479187061       2.508784035       1.973612474       0.8326545912      0.5243424468      0.3900486238      0.2973051798      2.616974542       2.652551334       2.11429023        0.9477981216      0.6147060113      0.3390351976      0.2889845701      2.486592471       2.518556115       1.978569896       0.8330727114      0.5313098351      0.3921456436      0.2986826227      0.068254781      
0.0004392992      2.480158255       2.509934559       1.974243398       0.8326366145      0.5246256837      0.3901574164      0.2973818977      2.617912237       2.653689273       2.114879348       0.9477679471      0.6151052629      0.3391413488      0.2890739239      2.487585075       2.519744876       1.979204788       0.8330266062      0.5316365344      0.3922764475      0.2987723065      0.06828672994    
0.0004642992      2.480774041       2.510734993       1.974559977       0.8323817312      0.5248265554      0.390199452       0.2974003945      2.618378842       2.654371451       2.115073038       0.9474799403      0.6154031082      0.339169296       0.2890934352      2.488135738       2.520490468       1.979466804       0.8327566         0.5318127082      0.3923014622      0.298779683       0.06824561779    
0.0004892992      2.481165303       2.511279112       1.974726436       0.832157896       0.5249878982      0.390224697       0.2974122873      2.618738994       2.654911088       2.115223772       0.9472536575      0.6156673126      0.3391980931      0.2891168043      2.488599288       2.521119957       1.979684935       0.8325481932      0.5319894337      0.3923289103      0.2987932821      0.06825932627    
0.0005142992      2.482237967       2.512567257       1.97544368        0.8321193019      0.5252613231      0.3902971385      0.2974643009      2.619812167       2.656200492       2.115933351       0.9472225967      0.616079632       0.3392858135      0.2891891786      2.489670105       2.522415447       1.980395107       0.8324909999      0.532281414       0.3924032574      0.2988466079      0.06824460185    
0.0005392992      2.482075531       2.512619364       1.975232672       0.8317156901      0.5253310238      0.390296539       0.2974482291      2.619512838       2.656106636       2.115584406       0.9467818951      0.616187678       0.3392615355      0.2891666649      2.489482024       2.52245006        1.98016666        0.8320892478      0.532334911       0.3924038741      0.29883018        0.06823703971    
0.0005642992      2.483033984       2.513845624       1.975917111       0.8316938749      0.5256082817      0.3903790137      0.2975090068      2.620657172       2.657493789       2.116395954       0.946817545       0.6165969219      0.3393641259      0.2892524229      2.490599631       2.52384241        1.98096786        0.8320919636      0.532660623       0.392503315       0.2989021675      0.06823562587    
0.0005892992      2.483056815       2.514094528       1.975856579       0.8313455385      0.5257063931      0.3903919201      0.2975038049      2.62046081        2.657541793       2.116155366       0.9464223393      0.6167387661      0.3393474716      0.2892366758      2.49052175        2.523995522       1.980829499       0.8317262662      0.5327483688      0.3925006985      0.2988873278      0.0682192989     
0.0006142992      2.483696097       2.514983837       1.976289052       0.831242368       0.52592523        0.3904378634      0.2975365002      2.621180045       2.658525536       2.116654163       0.9463548958      0.6170595023      0.3394056895      0.2892859334      2.491256766       2.524993822       1.981332851       0.831628399       0.5329878136      0.3925472246      0.2989209046      0.06822336129    
0.0006392992      2.483893808       2.515414333       1.976371694       0.8309450452      0.5260522664      0.39038198        0.2974963149      2.621200535       2.658811999       2.116579498       0.9460302479      0.6172489657      0.3393867519      0.2892675234      2.49140742        2.525384058       1.981379616       0.8313357326      0.5330986192      0.3924887764      0.298878294       0.06819731447    
0.0006642992      2.484326184       2.516089132       1.976648647       0.8308181546      0.5262294379      0.3903625933      0.2974894732      2.621741013       2.65959774        2.11691216        0.9459263879      0.6175395515      0.3394272057      0.2893010487      2.491965384       2.526192416       1.981742763       0.8312088403      0.5333094603      0.3924996428      0.2988893457      0.06821197663    
0.0006892992      2.484680279       2.516673125       1.976815063       0.8305736704      0.5263940711      0.3903743968      0.2974924853      2.622004706       2.660095756       2.116993595       0.945690184       0.6177639962      0.3394376865      0.289308256       2.492311399       2.526765198       1.98190878        0.8309954584      0.5334746764      0.3924929266      0.2988817934      0.06818029421    
0.0007142992      2.484973046       2.517182429       1.976947493       0.8304303462      0.5265403733      0.3903811584      0.2974978708      2.622316685       2.660623411       2.117127411       0.9455372347      0.6179935057      0.3394699996      0.2893357524      2.492645637       2.52732847        1.982059897       0.8308269882      0.5336446843      0.3925235275      0.2989010725      0.06820211855    
0.0007392992      2.485390312       2.517830866       1.977129637       0.8302104685      0.5267200753      0.3904111901      0.2975132483      2.622755353       2.661284964       2.117323693       0.9453558073      0.618232391       0.33949386        0.2893541696      2.49313506        2.528047682       1.982307812       0.8306685867      0.5338209327      0.3925358444      0.298906685       0.06816276123    
0.0007642992      2.48555845        2.518197231       1.97714025        0.8300546114      0.526822461       0.3903956195      0.2975032284      2.622874831       2.661596753       2.117283466       0.9451459789      0.6184010919      0.339502668       0.2893626259      2.493278558       2.528405688       1.982281508       0.830447269       0.5339310442      0.3925393297      0.2989068058      0.06819064045    
0.0007892992      2.486012566       2.51887013        1.977332068       0.8298400903      0.5270016866      0.3904227766      0.2975173125      2.623414897       2.662344943       2.117552277       0.9450043057      0.6186520145      0.339531116       0.289384388       2.493877331       2.529217392       1.982598651       0.8303308833      0.534132679       0.3925551328      0.2989158377      0.06814515041    
0.0008142992      2.486049395       2.519086634       1.977230518       0.8296676653      0.527072992       0.3903973255      0.297497379       2.623443749       2.66254847        2.117434019       0.9447878938      0.6187807465      0.3395234229      0.2893786217      2.493929292       2.529467676       1.982490859       0.8300944965      0.5342156345      0.392545123       0.2989041087      0.06817467501    
0.0008392992      2.486715365       2.519961644       1.977580039       0.8295272382      0.5273159723      0.3904605061      0.297538615       2.624191077       2.66346913        2.11785102        0.9447325073      0.6190634216      0.3395732668      0.2894186918      2.494642018       2.53038754        1.982891365       0.8300347417      0.5344505705      0.3925864062      0.2989329085      0.06813162687    
0.0008642992      2.486568888       2.519995046       1.977298176       0.8293136499      0.5273632281      0.3904059892      0.2974985447      2.624020169       2.663460062       2.117542084       0.9444442038      0.6191485645      0.3395438999      0.2893949551      2.494505099       2.530440966       1.982591468       0.8297496569      0.5345109423      0.3925511186      0.2989033351      0.06815651533    
0.0008892992      2.48752991        2.521164876       1.977849494       0.8292878034      0.5276521595      0.3904776835      0.2975526427      2.624960849       2.664618422       2.118096705       0.9444779424      0.6194891392      0.3396208835      0.2894580718      2.49544652        2.531593721       1.983148108       0.8297881827      0.5347946061      0.3926050411      0.2989473375      0.06812250151    
0.0009142992      2.487073738       2.520881772       1.97730523        0.8289759752      0.5276127358      0.3903639712      0.2974694234      2.62444967        2.664292436       2.117495685       0.9440687162      0.6195009157      0.3395544012      0.2894022516      2.495021668       2.531351915       1.982600018       0.8294054015      0.5347886247      0.3925288896      0.2988857612      0.06813439431    
0.0009392992      2.488222855       2.522244084       1.977998733       0.8290235185      0.5279623398      0.390467541       0.297549158       2.625620372       2.665683859       2.118226495       0.9442030113      0.6199040887      0.3396567169      0.2894874334      2.496205272       2.53274632        1.983343721       0.8295374307      0.5351249363      0.3925986411      0.2989458747      0.06811175015    
0.0009642992      2.487550325       2.521736828       1.977273152       0.8286291681      0.5278821418      0.3903359588      0.2974488511      2.62486071        2.66511908        2.117410312       0.9436895865      0.6198568497      0.3395619503      0.2894071859      2.495534901       2.532257153       1.98258788        0.8290614022      0.5350779323      0.3924982287      0.2988636095      0.06810907962    
0.0009892992      2.488943014       2.52334287        1.978157234       0.8287774437      0.5282988112      0.3904773107      0.2975592666      2.626306816       2.666793522       2.118362636       0.9439516659      0.6203193681      0.3397008015      0.2895240484      2.497012411       2.533938121       1.983563116       0.8293096706      0.5354673132      0.392609837       0.298956933       0.068104904      
0.0010142992      2.488001893       2.522559466       1.977200916       0.8282843422      0.528164268       0.3903184998      0.297435204       2.625265207       2.665927967       2.117288039       0.9433159472      0.6201888066      0.3395671143      0.2894103341      2.49604433        2.533146549       1.982553118       0.8287219013      0.5353470252      0.3924719276      0.2988436904      0.06808330228    
0.0010392992      2.489627744       2.524398834       1.97826517        0.8285237763      0.5286109275      0.3904790528      0.2975634949      2.626944487       2.667827676       2.11842191        0.943692001       0.6207038311      0.3397381786      0.2895552211      2.497756645       2.535056124       1.983712509       0.8290716425      0.5357968284      0.3926185374      0.2989654957      0.06809639935    
0.0010642992      2.488611763       2.523541322       1.97724465        0.8280065496      0.5284553039      0.390303187       0.2974261743      2.625803678       2.666859977       2.117258041       0.9430064731      0.6205450476      0.3395876176      0.2894267267      2.496643659       2.534130457       1.982581537       0.8284351156      0.5356626185      0.3924604667      0.2988369986      0.06806004577    
0.0010892992      2.490218983       2.525360648       1.978295811       0.8282713315      0.5289357897      0.3904758629      0.2975651297      2.627536489       2.668796996       2.118423401       0.9434285378      0.6210917955      0.339776183       0.2895869285      2.498432954       2.536107202       1.983803095       0.8288392406      0.5361675305      0.3926293761      0.2989768368      0.0680857766     
0.0011142992      2.489250329       2.524545819       1.977278387       0.8277560843      0.5288110156      0.3902999135      0.2974290208      2.626398976       2.667830889       2.117243231       0.9427318588      0.6209501666      0.3396247702      0.2894566946      2.497310819       2.535170643       1.98263223        0.8281898154      0.5360406011      0.3924552112      0.2988389572      0.06804244287    
0.0011392992      2.490710606       2.526213832       1.978187753       0.8279789289      0.5292387042      0.3904240696      0.2975355714      2.62796723        2.669606637       2.118278025       0.9431085442      0.6214325873      0.3397880938      0.2895958368      2.498955297       2.536999235       1.983714175       0.8285523082      0.5364653834      0.3925960218      0.2989572153      0.068069682      
0.0011642992      2.49005727        2.525720279       1.977410586       0.8275708909      0.5291649598      0.3902775156      0.2974240607      2.627127998       2.668944875       2.117319345       0.9425105164      0.6213701214      0.3396670451      0.2894908491      2.49807986        2.536325069       1.982728297       0.8279868568      0.5363973748      0.3924348288      0.2988342685      0.0680306102     
0.0011892992      2.491118045       2.526984788       1.977994471       0.8276674756      0.5294879703      0.3903836277      0.2975090652      2.6283455         2.67035407        2.118058523       0.9427631718      0.6217543869      0.3397926963      0.2895984315      2.499404598       2.537821818       1.983549369       0.8282496268      0.5367249342      0.392558905       0.2989325356      0.0680507391     
0.0012142992      2.490761958       2.526794916       1.977441685       0.8273643857      0.5294904607      0.3903025426      0.2974441622      2.627848862       2.670047563       2.117371751       0.9422835233      0.6217655208      0.3397171071      0.289532219       2.498863479       2.537487516       1.982814813       0.827792563       0.5367411333      0.3924583731      0.2988534852      0.06801601105    
0.0012392992      2.491494406       2.527725474       1.977754286       0.8273512562      0.5297463078      0.3903709769      0.2974988038      2.628760364       2.671145625       2.117851482       0.9424277805      0.622067973       0.3398097735      0.2896115882      2.499898977       2.538688068       1.983396335       0.8279618193      0.5369933746      0.3925548021      0.2989270332      0.0680320108     
0.0012642992      2.491550358       2.527950468       1.977514667       0.82716894        0.5298334868      0.3903295792      0.2974663753      2.628579987       2.671153421       2.117394668       0.9420506         0.6221570036      0.3397686573      0.2895749814      2.499641644       2.538644987       1.982874098       0.8275938469      0.537081359       0.3924808531      0.2988723234      0.06800184784    
0.0012892992      2.491828735       2.528419189       1.97745716        0.8270108941      0.5299964983      0.3903545776      0.2974854676      2.629081454       2.671832461       2.117536705       0.9420550049      0.6223604021      0.339816968       0.2896164683      2.500292029       2.539452316       1.983138568       0.8276346056      0.5372602517      0.3925378354      0.2989133707      0.06801276664    
0.0013142992      2.492224139       2.528990076       1.977473343       0.8269335412      0.530173109       0.3903535559      0.2974857562      2.629208892       2.672166169       2.11730614        0.9418322676      0.6225200278      0.3398165587      0.289614594       2.500336961       2.539718718       1.982844648       0.8273621534      0.5374301003      0.392510337       0.2988951008      0.06798591136    
0.0013392992      2.492264934       2.529205393       1.977235868       0.8267142973      0.5302915908      0.3903339594      0.29747296        2.629416602       2.672543134       2.117180201       0.9417752629      0.6226642408      0.3398302071      0.2896268752      2.50071547        2.540242715       1.982899056       0.8273212713      0.5375753538      0.3925218017      0.2989038926      0.06799667898    
0.0013642992      2.492814622       2.529931094       1.977366297       0.8266790935      0.5305152649      0.39036232        0.2974955076      2.629800144       2.673126789       2.117152569       0.9416161357      0.62287209        0.3398572175      0.2896482884      2.500998688       2.540741686       1.982790233       0.8271314456      0.5377794492      0.392527118       0.298910188       0.06796939206    
0.0013892992      2.492652193       2.529944747       1.976930453       0.8264016648      0.530539857       0.390315487       0.2974606429      2.629787126       2.673279475       2.116861702       0.941456678       0.6229578609      0.3398420828      0.289636388       2.501150676       2.541040011       1.982625501       0.827013193       0.5378460871      0.3925096211      0.2988955701      0.06797981234    
0.0014142992      2.493306912       2.530784423       1.977124071       0.8263918022      0.5307957106      0.3903567015      0.2974934959      2.6303299         2.674023939       2.116949598       0.9413255181      0.6232020336      0.3398874963      0.2896726672      2.501575297       2.54168541        1.982611367       0.826870099       0.5380750158      0.3925320278      0.2989149804      0.06795136537    
0.0014392992      2.493082125       2.53071624        1.976634035       0.8260972801      0.5308091619      0.3903132647      0.2974589227      2.630184686       2.674031537       2.116543568       0.941092597       0.6232566572      0.3398574447      0.2896484054      2.501603306       2.541850363       1.982336664       0.8267003325      0.538122368       0.3924985222      0.2988880402      0.06796130101    
0.0014642992      2.493820438       2.531632722       1.976898967       0.8261038065      0.5310919973      0.3903639053      0.2974999352      2.630847577       2.674896373       2.116758856       0.9409992749      0.6234995574      0.339911521       0.2896932752      2.502160954       2.542620483       1.982438495       0.8266021644      0.5383658995      0.3925414599      0.298922169       0.06793322863    
0.0014892992      2.493533544       2.531492836       1.976368268       0.8258005817      0.5310817587      0.3902954272      0.2974480104      2.630560692       2.674764242       2.11626024        0.9407297867      0.623539149       0.3398724962      0.2896605612      2.502045239       2.542647047       1.982053659       0.8263902955      0.5384284596      0.3924978186      0.2988877282      0.06794236041    
0.0015142992      2.494231488       2.532372758       1.976608826       0.8258128428      0.5313883478      0.3903608795      0.2975003742      2.631309886       2.675698222       2.116529889       0.9406819975      0.6237935635      0.3399345464      0.2897123689      2.502670937       2.543470396       1.98222371        0.8263454879      0.5386721204      0.3925470493      0.2989278626      0.06791925016    
0.0015392992      2.493947048       2.532238765       1.976069752       0.8255188568      0.5313700713      0.3902848692      0.2974426437      2.630894844       2.675452334       2.115937477       0.9403719907      0.6238230034      0.3398814944      0.2896676064      2.502440212       2.543377466       1.981733176       0.8260993575      0.5387085601      0.3924711637      0.2988723067      0.06792238601    
0.0015642992      2.494731701       2.533229096       1.976357543       0.825561743       0.5316954031      0.3903428513      0.2974945388      2.631783898       2.676548379       2.116322675       0.9403885065      0.6241287428      0.3399635725      0.2897359329      2.50322916        2.54439306        1.982012025       0.8261068447      0.5389965514      0.3925334573      0.298924799       0.06790602374    
0.0015892992      2.494456271       2.533115636       1.975798359       0.8252204476      0.5317044761      0.3902712516      0.2974390488      2.631349897       2.676285929       2.115635129       0.9400182815      0.6241482417      0.3399048558      0.2896860851      2.502965562       2.544288277       1.981465986       0.8257868089      0.5390244248      0.3924550446      0.2988660376      0.0679004446     
0.0016142992      2.495279291       2.534143956       1.976107556       0.8252510967      0.5320399176      0.3903559304      0.2975087482      2.632336421       2.677471046       2.116062044       0.9400677425      0.6244610146      0.3400058173      0.2897711926      2.503856194       2.545400894       1.981819696       0.8258170232      0.5393583815      0.3925558398      0.2989446261      0.06789292556    
0.0016392992      2.494950399       2.53397245        1.975491336       0.8248815198      0.5320527617      0.3902787784      0.2974481359      2.631772348       2.677088094       2.115262302       0.9396324817      0.6244470541      0.3399327875      0.2897093987      2.503471611       2.545171985       1.981159886       0.8254401773      0.5393752394      0.3924662414      0.2988767286      0.06787735274    
0.0016642992      2.495777036       2.535000294       1.975793449       0.8249273219      0.5323584475      0.3903682222      0.2975207336      2.63277089        2.678285316       2.115693665       0.9397071965      0.6247632225      0.3400402818      0.2898000813      2.504375494       2.546287033       1.981518763       0.8255022169      0.5396882046      0.3925747047      0.2989606068      0.06787868948    
0.0016892992      2.495414108       2.534798359       1.975145876       0.82454821        0.5323536069      0.3902697061      0.2974457772      2.632211478       2.677902307       2.114869035       0.9392433019      0.6247333376      0.3399508348      0.2897244761      2.503981655       2.546054182       1.980843193       0.8251118692      0.5396759779      0.3924562981      0.2988738291      0.0678526285     
0.0017142992      2.496231551       2.535814752       1.975445841       0.8246024326      0.5326542841      0.3903565878      0.2975173812      2.63316576        2.679048198       2.115266331       0.9393236546      0.6250391892      0.3400616712      0.2898184572      2.504863631       2.547143951       1.981190995       0.8251859083      0.5400020642      0.392577302       0.2989659045      0.06786216274    
0.0017392992      2.495921143       2.535664167       1.974827083       0.8242322764      0.5326600483      0.390260459       0.2974450679      2.632734247       2.678783163       2.114537822       0.9388808022      0.6250397815      0.3399794011      0.2897477383      2.504560996       2.547007765       1.980570344       0.8248069412      0.5399892056      0.3924546564      0.2988767503      0.06783004961    
0.0017642992      2.496694063       2.53662813        1.97507439        0.8242762996      0.5329687977      0.3903657081      0.2975271696      2.633633562       2.679840046       2.114888211       0.9389559727      0.6253354783      0.3400917022      0.289842972       2.505360692       2.54800399        1.980838523       0.8248649123      0.5403155389      0.3925826036      0.2989728911      0.06784633779    
0.0017892992      2.496395678       2.536495286       1.974446503       0.823901993       0.5330025565      0.3902755335      0.2974600052      2.633276686       2.679654126       2.114203185       0.9385200936      0.6253556746      0.3400182101      0.2897800433      2.505120467       2.547938018       1.980246924       0.8244915068      0.5403490481      0.3924749635      0.2988946266      0.06780944567    
0.0018142992      2.497114404       2.537401351       1.974640032       0.8239243824      0.533299805       0.3903694558      0.2975347371      2.633989592       2.680555876       2.114401515       0.9385431012      0.6256315737      0.3401220792      0.2898686948      2.50579129        2.548806803       1.980403604       0.8245088796      0.5406667703      0.3925969582      0.2989863168      0.06782928857    
0.0018392992      2.496916513       2.537372407       1.97408033        0.8235718732      0.5333639862      0.390301463       0.2974836235      2.63374012        2.680494084       2.113788401       0.9381308852      0.6256798939      0.3400632537      0.2898178629      2.505652471       2.548847449       1.979881545       0.8241578244      0.5407241394      0.3925046064      0.2989208427      0.06778832744    
0.0018642992      2.497540041       2.538180057       1.974190446       0.8235622468      0.5336257719      0.3903869142      0.2975512443      2.634349015       2.681288716       2.113889252       0.938119323       0.6259223042      0.3401551263      0.2898961886      2.506243766       2.549629376       1.979967489       0.824148084       0.5410023379      0.3926127723      0.299001974       0.06780957924    
0.0018892992      2.497434815       2.538245917       1.973695583       0.8232347298      0.533709617       0.3903252074      0.2975067193      2.634194946       2.68132372        2.113344224       0.9377311642      0.6259783188      0.3401077275      0.2898551001      2.506186563       2.549754513       1.979501822       0.8238205334      0.5410561778      0.3925350266      0.2989466404      0.06776737075    
0.0019142992      2.497976993       2.538964369       1.973739072       0.8232025158      0.533958777       0.390404617       0.297568719       2.634763129       2.682072688       2.113408882       0.937703178       0.6262104911      0.3401978202      0.28993199        2.506754806       2.550502784       1.979565556       0.8238006168      0.5413411075      0.3926499277      0.2990296446      0.067789916      
0.0019392992      2.497889286       2.539054022       1.973248883       0.8228759175      0.5340380569      0.3903477699      0.2975260605      2.634638963       2.682133973       2.112872134       0.9373207614      0.6262801728      0.3401487629      0.2898903453      2.506699583       2.550634996       1.979092911       0.8234738876      0.5414018772      0.3925688889      0.2989724447      0.06774774788    
0.0019642992      2.498429752       2.539776532       1.973272691       0.8228320207      0.5342816298      0.3904210442      0.2975826047      2.635183554       2.682858988       2.112903407       0.9372749896      0.6264951189      0.3402235614      0.2899552979      2.507240076       2.551362913       1.979114095       0.8234314325      0.5416724036      0.392663243       0.2990412465      0.06776887227    
0.0019892992      2.498347903       2.53986477        1.972793772       0.8225348         0.5343731935      0.3903797261      0.2975497208      2.635116896       2.682944166       2.112497584       0.936951297       0.6265661104      0.340182343       0.2899201024      2.507207285       2.551509629       1.978665097       0.8231421025      0.5417407249      0.3925940513      0.2989912842      0.06773102926    
0.0020142992      2.498878403       2.540573977       1.972792708       0.8224962463      0.5345979307      0.3904520075      0.2976041817      2.635628156       2.683614096       2.112538024       0.9369173104      0.6267816614      0.3402524234      0.2899810683      2.507698895       2.552190313       1.978628831       0.8230844153      0.5420039073      0.3926787414      0.2990532219      0.0677518804     
0.0020392992      2.498781322       2.540670887       1.972266461       0.8221552215      0.5346583491      0.3903972376      0.2975625167      2.635584522       2.683769479       2.111988687       0.9365415456      0.6268464535      0.3402092848      0.2899448933      2.507722397       2.55241264        1.978195173       0.8227807708      0.5420519196      0.3926043176      0.2990005957      0.06771353366    
0.0020642992      2.499372592       2.54144679        1.97230762        0.8221053748      0.5348686634      0.3904443344      0.2976014932      2.636046029       2.684432237       2.11187188        0.9364202351      0.6270633603      0.3402853541      0.2900093654      2.508200596       2.553088157       1.978141356       0.8226867324      0.542310755       0.3926978622      0.2990673348      0.06772707861    
0.0020892992      2.4992063         2.54146739        1.971726449       0.8217497757      0.5349431613      0.3903882362      0.2975598055      2.636044968       2.684630278       2.111368991       0.9360717996      0.6271528845      0.3402425327      0.2899729082      2.50828815        2.553362664       1.977755853       0.8224119159      0.5423728742      0.3926122064      0.2990086202      0.06769187631    
0.0021142992      2.499897489       2.542332364       1.971831909       0.8217262321      0.5351962534      0.3904471014      0.2976072471      2.636428468       2.685219869       2.111192123       0.9359248152      0.6273597992      0.3403147486      0.2900349147      2.50868428        2.553958819       1.977621094       0.8222877081      0.5426238758      0.3927019783      0.2990721814      0.06770310244    
0.0021392992      2.499632205       2.542261261       1.971165347       0.8213508241      0.5352611093      0.3903954942      0.2975672978      2.636454087       2.685430024       2.110712814       0.9356141145      0.6274571434      0.3402800364      0.2900049771      2.508796987       2.554254792       1.977250301       0.8220315536      0.5427049835      0.3926322405      0.2990233933      0.06767054473    
0.0021642992      2.500394548       2.543196545       1.971326354       0.8213515066      0.535509433       0.3904530242      0.2976134445      2.636838223       2.686005101       2.110584277       0.9354500884      0.6276743922      0.3403544281      0.2900689489      2.509158786       2.554813884       1.977087604       0.82189777        0.5429760271      0.3927242165      0.2990887391      0.06768024814    
0.0021892992      2.500089708       2.543085546       1.970624104       0.8209669858      0.5355733609      0.3904043635      0.2975748156      2.636950994       2.686287018       2.110220628       0.935128894       0.6277434828      0.3403146224      0.2900351805      2.509342488       2.555177381       1.976766792       0.8216618904      0.5430289869      0.3926500157      0.2990361631      0.06765018978    
0.0022142992      2.500904375       2.544072534       1.970816569       0.8209717077      0.5358444023      0.3904770333      0.297630534       2.637311021       2.686839852       2.110061753       0.9349527553      0.6279603764      0.3403809417      0.2900931402      2.509673727       2.555713317       1.976571908       0.821514998       0.543301202       0.3927293945      0.2990938094      0.06765793675    
0.0022392992      2.500488647       2.543852603       1.970021927       0.8205550616      0.5359173042      0.3904267448      0.2975905586      2.637411195       2.687105973       2.109667688       0.9346505368      0.6280451955      0.3403502699      0.290066639       2.509861276       2.556075331       1.976248478       0.8212793834      0.5433884507      0.3926733739      0.299051889       0.06762963586    
0.0022642992      2.50139442        2.544927989       1.970277727       0.8205793736      0.5361686862      0.3904979106      0.297642953       2.637724436       2.68762114        2.109453194       0.9344749014      0.6282414642      0.340416995       0.2901251491      2.510151279       2.556571955       1.976015203       0.8211201855      0.543637099       0.3927645895      0.2991135667      0.06763593648    
0.0022892992      2.500900329       2.544630238       1.969410682       0.8201426145      0.5362465857      0.3904531292      0.2976041558      2.637854918       2.6879113         2.109066924       0.9341770562      0.6283042404      0.3403861589      0.2900986614      2.510373178       2.556965958       1.975704354       0.8208904157      0.543720163       0.3927168163      0.2990749297      0.06760866517    
0.0023142992      2.501905312       2.545805356       1.96972522        0.8201864146      0.5364798143      0.3905362205      0.2976629533      2.63812756        2.688391373       2.108803018       0.9339823035      0.628497906       0.3404484199      0.2901537786      2.510609591       2.557416741       1.975411169       0.8207065316      0.5439590185      0.3927991986      0.2991302589      0.067612957      
0.0023392992      2.501338208       2.545438604       1.96879162        0.8197284322      0.5365452557      0.3905032147      0.2976300432      2.638314048       2.688734802       2.108455058       0.9337054697      0.6285782925      0.3404240717      0.2901330785      2.510891916       2.557866773       1.975140334       0.8204932172      0.5440645928      0.3927635259      0.2990996714      0.06758914485    
0.0023642992      2.502383601       2.54665334        1.969127152       0.8197724781      0.5368028847      0.3905599095      0.2976722882      2.63850402        2.68914102        2.108115036       0.933476506       0.6287711533      0.3404805485      0.2901832264      2.511048124       2.558241374       1.974773337       0.8202769127      0.5442883569      0.3928344357      0.2991464734      0.06758894943    
0.0023892992      2.501809443       2.546282268       1.968181092       0.8193165882      0.5368706125      0.3905514214      0.2976546025      2.638803061       2.68959617        2.107839149       0.9332345618      0.6288482072      0.3404615765      0.2901677466      2.511448429       2.558813634       1.974586249       0.8201001057      0.544398485       0.3928112822      0.299124007       0.0675689137     
0.0024142992      2.502816455       2.547457764       1.968476788       0.8193405765      0.5371230565      0.3906070202      0.2976942063      2.638912721       2.689919938       2.107410269       0.9329620918      0.629039817       0.340519185       0.2902183221      2.511518832       2.559100385       1.974141741       0.8198490371      0.5446480735      0.3928942963      0.299177001       0.06756363463    
0.0024392992      2.502319587       2.547165831       1.967587736       0.8189169015      0.5372086446      0.3905914042      0.2976744174      2.639274763       2.690443233       2.107172892       0.9327453257      0.6291420522      0.3405158156      0.290216012       2.511978954       2.559733156       1.973996362       0.8196966593      0.5447954965      0.3928934282      0.2991704163      0.0675493334     
0.0024642992      2.503203641       2.548217259       1.967776738       0.8188947227      0.5374253784      0.3906496287      0.2977116562      2.639283497       2.690665342       2.106665771       0.9324540803      0.6292921101      0.3405527999      0.2902493025      2.511961854       2.559932712       1.973475191       0.8194147372      0.5449940329      0.3929557479      0.2992057929      0.06753822717    
0.0024892992      2.502795749       2.548011732       1.966955453       0.8185181248      0.5375433084      0.3906524835      0.2977050842      2.639687973       2.691236025       2.106484323       0.9323280142      0.6293936653      0.3405562548      0.2902534384      2.512487007       2.560629259       1.973378138       0.8193001706      0.5451450352      0.3929635427      0.2992055958      0.06753204437    
0.0025142992      2.503549318       2.548938458       1.967024449       0.8184503345      0.5377376384      0.3906753697      0.2977178602      2.6396258         2.691397381       2.105891244       0.9320141526      0.6295148245      0.3405716101      0.2902677404      2.512407203       2.560773543       1.972787549       0.8189889418      0.5453112492      0.3929805753      0.2992110904      0.06751589443    
0.0025392992      2.503288078       2.548881815       1.966304968       0.8181126879      0.537877692       0.3907091903      0.2977322075      2.640127153       2.692067803       2.105748188       0.9318795915      0.6296509704      0.3405952314      0.2902890747      2.513005391       2.561553523       1.972737611       0.8188934868      0.5454955228      0.3930147692      0.2992294422      0.06751320136    
0.0025642992      2.503903211       2.549684893       1.966260751       0.8179942977      0.5380656811      0.3907296982      0.2977413922      2.639977368       2.692133286       2.105074168       0.9315034733      0.6297674818      0.3406075533      0.2903010702      2.512824954       2.561602793       1.972063352       0.8185428903      0.5456538549      0.3930434077      0.2992397346      0.06749158224    
0.0025892992      2.503770622       2.549762501       1.965633929       0.8176924789      0.5382609762      0.3907582789      0.2977572532      2.640590268       2.692919387       2.105011719       0.9313921906      0.6299645283      0.3406453653      0.2903343394      2.513534841       2.562494091       1.972088423       0.8184746776      0.5458919998      0.3930811018      0.2992635448      0.06749205778    
0.0026142992      2.504276294       2.550445885       1.965490049       0.8175331292      0.5384220428      0.3907825416      0.2977649579      2.640349926       2.69289808        2.104256185       0.9309688231      0.6300432568      0.3406442838      0.2903353676      2.513274536       2.562462519       1.971339666       0.8180987234      0.5460210496      0.3931021721      0.2992656176      0.06746644734    
0.0026392992      2.504287471       2.550670738       1.964967035       0.8172827603      0.5386524731      0.3908158702      0.2977861354      2.641058149       2.693786914       2.104270058       0.930877394       0.6302413418      0.3406916291      0.2903767822      2.514075471       2.5634492         1.971426413       0.8180658288      0.546276685       0.393147373       0.2992958201      0.06747075771    
0.0026642992      2.50468496        2.55124829        1.96472339        0.8170807442      0.5387703402      0.3908519019      0.2977977424      2.64078           2.69371983        2.103482098       0.9304094793      0.6303004317      0.3406812101      0.2903697196      2.513759931       2.563367806       1.970621488       0.817661328       0.5463665302      0.3931544244      0.2992876537      0.06744256438    
0.0026892992      2.504784504       2.551561284       1.964258636       0.8168455418      0.5389898734      0.3909049697      0.297831956       2.641554266       2.694671081       2.10354075        0.9303277325      0.6305374889      0.3407429558      0.2904238195      2.514624756       2.56441214        1.970745439       0.81763419        0.546674181       0.3932246901      0.2993361141      0.06744885031    
0.0027142992      2.505123113       2.552081318       1.96395803        0.8166185514      0.5391299526      0.3909123582      0.2978263884      2.64126621        2.694580571       2.102727323       0.9298470763      0.6306063913      0.3407239029      0.2904096625      2.514279359       2.564303018       1.969906176       0.8172167992      0.546796569       0.3932143733      0.2993178528      0.0674186473     
0.0027392992      2.505299687       2.552474769       1.963544491       0.8164100243      0.539371805       0.3909768456      0.2978691994      2.642069746       2.695566134       2.102796199       0.9297769727      0.6308272445      0.3407883723      0.290466533       2.515159775       2.565374334       1.970032258       0.8171949964      0.5470663426      0.3932870635      0.2993672047      0.06742686936    
0.0027642992      2.505592047       2.552954299       1.963197404       0.8161655986      0.539466799       0.3909626356      0.2978478359      2.641727331       2.695437731       2.101932107       0.9292845446      0.6308674531      0.3407680208      0.290451055       2.514791899       2.56523925        1.969165486       0.8167684171      0.5471727206      0.3932873064      0.2993529486      0.06739620144    
0.0027892992      2.505801217       2.553382063       1.962802337       0.8159627252      0.5397170632      0.3910354568      0.2978953252      2.642528273       2.696429072       2.101988116       0.9292108248      0.631111527       0.3408354515      0.2905105519      2.51568382        2.566328042       1.969294512       0.8167420228      0.5474783855      0.3933638777      0.2994054392      0.06740352461    
0.0028142992      2.506059518       2.553823763       1.962419176       0.8157002951      0.5398147978      0.3910343266      0.2978817342      2.642171513       2.696288712       2.101101621       0.9287105009      0.6311674677      0.3408106174      0.2904908424      2.515304049       2.566179676       1.96840885        0.8163067439      0.5475675295      0.3933440176      0.2993786441      0.0673717338     
0.0028392992      2.506285296       2.55426815        1.962027998       0.8154999006      0.5400690451      0.3911074635      0.2979297886      2.643020865       2.6973315         2.101184729       0.9286516246      0.6313910667      0.3408801177      0.2905525047      2.516249172       2.567320053       1.968568246       0.8162926252      0.54784162        0.3934291309      0.2994356558      0.06738028353    
0.0028642992      2.506550741       2.554722755       1.961640642       0.8152380349      0.5401944027      0.3911051953      0.2979160631      2.642636686       2.697163198       2.100266866       0.9281423521      0.6314437056      0.3408620681      0.2905386169      2.515824449       2.567136969       1.967641727       0.8158481982      0.5479478154      0.3934279914      0.2994194972      0.06734912726    
0.0028892992      2.506750493       2.555150429       1.96122347        0.815031174       0.5404329281      0.3911814808      0.2979646805      2.643470012       2.698191866       2.100329603       0.9280748068      0.631691041       0.3409290008      0.2905979797      2.51675064        2.568267521       1.967780611       0.8158270077      0.5482345886      0.393502327       0.2994696297      0.06735609494    
0.0029142992      2.507066134       2.555660604       1.960875102       0.8147921493      0.5405497473      0.3911730472      0.2979480861      2.643150334       2.698092878       2.099466514       0.9275963449      0.6317496423      0.3409136655      0.2905868153      2.51639226        2.568151614       1.966903288       0.8154088404      0.5483303088      0.3935015256      0.2994547233      0.06732736655    
0.0029392992      2.507240995       2.556062532       1.960431665       0.8145789485      0.5408021332      0.3912420008      0.2979922843      2.64395207        2.699090707       2.099512506       0.9275266472      0.6319871632      0.3409780418      0.2906442133      2.517287468       2.569248034       1.967011242       0.8153813671      0.5486194072      0.3935738835      0.2995040063      0.0673331906     
0.0029642992      2.507576952       2.556588618       1.96008672        0.8143442424      0.5409466619      0.3912583549      0.2979917126      2.643659231       2.699018187       2.098665525       0.9270580069      0.6320526429      0.3409674436      0.2906377875      2.51696165        2.56916306        1.966145044       0.8149679542      0.5487514018      0.39358024        0.2994950734      0.06730676048    
0.0029892992      2.507725542       2.556962453       1.959605994       0.8141066457      0.5411690812      0.3913191412      0.2980286959      2.64438158        2.699942043       2.098625931       0.9269470433      0.6322779755      0.3410272808      0.2906912656      2.517785568       2.570190596       1.966181486       0.8149047045      0.5490338873      0.3936532811      0.2995415365      0.06730875593    
0.0030142992      2.50808053        2.557511106       1.959266149       0.8138745042      0.5413408027      0.3913388763      0.2980311409      2.644156673       2.69994112        2.097819299       0.9264950167      0.63236563        0.3410178153      0.2906862953      2.517532312       2.570179285       1.965361758       0.8145085519      0.5491733443      0.3936469645      0.2995267483      0.06728470263    
0.0030392992      2.508187531       2.557844888       1.958738946       0.813613388       0.5415788771      0.3914003998      0.2980678594      2.644822618       2.700806672       2.09771126        0.9263507369      0.6325831244      0.341079934       0.2907414592      2.518293991       2.571146461       1.965335621       0.8144160844      0.5494476445      0.3937361474      0.2995813711      0.06728453664    
0.0030642992      2.508605044       2.55845939        1.958438324       0.8134003498      0.5417241794      0.3914339206      0.2980795652      2.644683032       2.700887448       2.0969542         0.9259207911      0.6326917498      0.3410877894      0.2907508909      2.518113656       2.571209918       1.964564473       0.8140404914      0.5496133865      0.3937645196      0.2995882214      0.06726334501    
0.0030892992      2.508647516       2.558729017       1.957853729       0.8131156165      0.5419374077      0.3914927448      0.2981121354      2.645281433       2.701682618       2.096780764       0.9257460232      0.6328895818      0.3411362123      0.2907953758      2.518798267       2.572103295       1.964474236       0.8139236804      0.5498691577      0.3938366808      0.2996310463      0.06725964668    
0.0031142992      2.509131847       2.559419451       1.957603066       0.8129300747      0.5420991428      0.3915247665      0.2981245319      2.645244099       2.701861489       2.09610125        0.9253515115      0.6329950315      0.341143838       0.2908050807      2.518710556       2.572260943       1.963768975       0.8135794262      0.5500082836      0.3938536852      0.2996324548      0.06724176714    
0.0031392992      2.509177133       2.559695036       1.957006155       0.812640695       0.5422963224      0.3915316989      0.2981256511      2.645812216       2.702620794       2.095899054       0.9251648679      0.6331844177      0.3411866792      0.2908439731      2.519351297       2.573111676       1.963629752       0.8134467858      0.5502630402      0.3939108031      0.2996662097      0.06723671116    
0.0031642992      2.50966086        2.560384337       1.956740032       0.8124536527      0.542463221       0.3915574582      0.2981351558      2.645788839       2.702825528       2.095224849       0.9247780447      0.6332907507      0.3412048916      0.2908623354      2.519293363       2.573306063       1.962934736       0.8131097409      0.5504077716      0.3939506313      0.2996821818      0.06722025306    
0.0031892992      2.509680935       2.560635844       1.956113162       0.8121509697      0.54263535        0.3915653599      0.2981362449      2.64625323        2.703502178       2.094928509       0.9245535987      0.6334825636      0.34124433        0.2908973832      2.519857282       2.574083602       1.96272655        0.8129506836      0.5506650109      0.3939924389      0.2997072992      0.06721313936    
0.0032142992      2.510166333       2.56133048        1.95584708        0.8119693248      0.5428226074      0.391611094       0.2981597433      2.646280438       2.703763201       2.094286532       0.924180663       0.6335945277      0.3412589221      0.2909141217      2.519858402       2.574335777       1.96207731        0.8126371507      0.5508374697      0.3940231237      0.2997203196      0.06719815987    
0.0032392992      2.510125334       2.561518609       1.955166954       0.8116457661      0.5429728685      0.3916454883      0.2981741683      2.646664505       2.704364754       2.093922661       0.9239213228      0.6337167581      0.3412890792      0.2909432748      2.520350848       2.575042947       1.961801833       0.8124494364      0.5510358679      0.3940886425      0.2997547767      0.06718766627    
0.0032642992      2.51064245        2.562244679       1.954917009       0.8114759955      0.5431847903      0.3917374327      0.2982249229      2.64672044        2.704665003       2.093308757       0.9235686626      0.6338417938      0.3413120527      0.2909668194      2.520400102       2.575343469       1.961181222       0.8121512022      0.551196674       0.3941330344      0.2997746805      0.06717451763    
0.0032892992      2.510625684       2.562458633       1.954250585       0.8111642858      0.5433646757      0.3917487161      0.298226976       2.647076285       2.705245167       2.092926008       0.9233140138      0.6339625544      0.3413398203      0.2909939021      2.520868995       2.576028421       1.960883506       0.8119626155      0.5513802928      0.3941909866      0.2998050762      0.06716502913    
0.0033142992      2.511139098       2.56318556        1.95398705        0.8109843709      0.543537308       0.3918173434      0.2982627712      2.647158137       2.705561581       2.092318335       0.9229577855      0.6340849492      0.3413872149      0.2910381044      2.520944525       2.576344092       1.960270641       0.8116589279      0.5515842444      0.3943069381      0.2998679009      0.06715203504    
0.0033392992      2.511088828       2.563362662       1.953285863       0.8106444003      0.5436908991      0.3919250804      0.2983171773      2.647495563       2.706110042       2.091899045       0.9226718358      0.6342211401      0.3414021317      0.2910565204      2.521370262       2.576990183       1.959932929       0.8114428763      0.5518018051      0.3943510412      0.2998895601      0.06713961554    
0.0033642992      2.511633214       2.564128253       1.953048419       0.8104766113      0.5438915962      0.3919623825      0.2983380508      2.647671375       2.706521318       2.091361572       0.922346778       0.6343868354      0.3414348427      0.2910881456      2.521531032       2.577404242       1.959389273       0.8111697916      0.5520123468      0.394387485       0.2999090907      0.06712917336    
0.0033892992      2.511588836       2.564316268       1.952340357       0.8101376785      0.5440770227      0.3920319643      0.2983711844      2.647964957       2.707023919       2.090904762       0.9220532295      0.634518008       0.3414592102      0.2911139321      2.521899563       2.577995942       1.958993797       0.8109370384      0.5522901669      0.3944516905      0.299943501       0.06711678979    
0.0034142992      2.512150621       2.565106818       1.952089648       0.8099708487      0.5443132878      0.3920858225      0.2984027428      2.648212889       2.707505113       2.090403479       0.9217519274      0.634668681       0.3414955502      0.2911480319      2.522127972       2.578479949       1.958476098       0.8106791092      0.5525172518      0.3944882903      0.2999647757      0.0671084296     
0.0034392992      2.51211695        2.565311495       1.951365143       0.8096239203      0.5445180053      0.3921021255      0.2984069065      2.648498252       2.70800624        2.089913361       0.9214337991      0.6348034195      0.3415199621      0.291172866       2.522472555       2.579059604       1.958036999       0.8104281532      0.552715707       0.3945460518      0.2999916704      0.06709322998    
0.0034642992      2.512640198       2.566057502       1.951076949       0.8094463627      0.544741996       0.3922048598      0.2984666849      2.648708571       2.708447942       2.089358934       0.9211172831      0.6349710452      0.3415769812      0.291225793       2.522674743       2.579516534       1.957491991       0.8101616319      0.5529540677      0.3946532106      0.3000534559      0.06708478403    
0.0034892992      2.512594827       2.566253276       1.95034048        0.809101639       0.5448965588      0.3922276892      0.2984728024      2.648926411       2.708889423       2.088792158       0.9207943435      0.6351085867      0.3415813994      0.2912345197      2.522953856       2.580035294       1.956998908       0.8098990598      0.5531256708      0.3946619474      0.3000518748      0.06706924323    
0.0035142992      2.513121123       2.567011207       1.950048766       0.8089296366      0.5451517781      0.3922599455      0.2984941086      2.649214704       2.709414512       2.088289166       0.920508705       0.6352785827      0.341619957       0.2912713384      2.523239779       2.580578216       1.956513117       0.8096609566      0.553368897       0.3946937142      0.3000716412      0.06706205522    
0.0035392992      2.51306425        2.567196799       1.949295857       0.8085796775      0.5452838471      0.392278277       0.2984948853      2.649392061       2.709812676       2.087692334       0.9201633359      0.6353767931      0.3416239757      0.2912805103      2.523469793       2.581048052       1.95597478        0.8093827851      0.553531055       0.3947320588      0.3000849271      0.06704516747    
0.0035642992      2.513595791       2.567964036       1.949004283       0.8084127129      0.5455094115      0.392317598       0.2985179107      2.649712814       2.710369577       2.087217226       0.9198863767      0.6355473564      0.3416625859      0.291318035       2.523789472       2.581625312       1.955510377       0.8091548086      0.5537522269      0.3947771259      0.3001122473      0.06703959932    
0.0035892992      2.513574685       2.568182623       1.948275403       0.808069933       0.545678881       0.3923497272      0.298528697       2.649876158       2.710749166       2.086617275       0.9195287734      0.6356622608      0.3416879713      0.2913436938      2.523996115       2.58207166        1.954950964       0.80886682        0.5539712335      0.3948462142      0.3001454614      0.06702281277    
0.0036142992      2.514114772       2.568959055       1.947986286       0.8079001087      0.5459223496      0.3924277461      0.2985761514      2.650232675       2.711340871       2.086170858       0.9192464508      0.6358595342      0.3417308557      0.2913848008      2.524351741       2.58268534        1.954510396       0.8086445679      0.5542137743      0.394887531       0.3001718025      0.0670182562     
0.0036392992      2.514077876       2.569167245       1.947234749       0.8075446963      0.5460713533      0.3924587349      0.2985856641      2.65040135        2.711729628       2.085561298       0.9188711374      0.6359707771      0.3417411477      0.29139889        2.524555059       2.583133663       1.953936157       0.8083486007      0.5543998109      0.3949295814      0.3001901738      0.06699922282    
0.0036642992      2.514597114       2.569927007       1.946920595       0.8073735641      0.5462841392      0.3925063661      0.2986150037      2.650780729       2.712345504       2.085123633       0.9185937419      0.6361791121      0.341795455       0.2914495741      2.524935504       2.583773719       1.953504662       0.8081347663      0.5546771487      0.3950063627      0.3002389313      0.06699474282    
0.0036892992      2.514590797       2.570162132       1.946185921       0.8070283531      0.5464683048      0.3925410018      0.2986291652      2.650920637       2.712711057       2.08448425        0.9182135782      0.6363000292      0.3418148763      0.2914702413      2.525107966       2.584195665       1.952899228       0.8078318731      0.5549036418      0.3950565851      0.3002630895      0.06697555567    
0.0037142992      2.515091063       2.570899587       1.945848413       0.8068485945      0.5467185014      0.3926302564      0.2986858794      2.651281433       2.713310648       2.084025606       0.9179375509      0.6364689881      0.3418732791      0.2915246696      2.525481463       2.584826843       1.952453983       0.8076109497      0.5551657247      0.3951535457      0.3003220636      0.06697233501    
0.0037392992      2.515129083       2.571188219       1.945139866       0.8065115928      0.5468849445      0.3926004951      0.2986609493      2.651445682       2.713708733       2.083391017       0.9175925971      0.6365753825      0.3418862306      0.2915411563      2.525678374       2.585278818       1.951859204       0.8073124813      0.5553588784      0.3952080129      0.3003477195      0.06695390785    
0.0037642992      2.51562013        2.57192445        1.944790648       0.8063297127      0.547114176       0.3926917553      0.2987177312      2.651817624       2.714323997       2.082927262       0.9173362966      0.6367478388      0.3419398611      0.2915911946      2.526070992       2.585933696       1.951422039       0.807099045       0.5556024816      0.3952806675      0.300392944       0.06695128256    
0.0037892992      2.51566787        2.572226444       1.944078123       0.8060010132      0.5472763079      0.3926992258      0.2987160475      2.651987025       2.714732379       2.082291397       0.916976113       0.6369082957      0.3419392211      0.2915940341      2.526269986       2.586395454       1.950816334       0.8068077776      0.5558183786      0.3952451306      0.3003693237      0.06693244003    
0.0038142992      2.516141475       2.572948038       1.943698792       0.8058160423      0.5475226551      0.3927482216      0.2987490833      2.652344761       2.715335161       2.081818803       0.9166929675      0.637064087       0.3419946188      0.2916455908      2.526644331       2.587035459       1.950349845       0.8065897491      0.5560401799      0.3953362987      0.3004243637      0.06692904948    
0.0038392992      2.516215969       2.573275277       1.942998666       0.8054901568      0.5477035826      0.3927799861      0.298763537       2.652516825       2.715744109       2.08118479        0.9163239234      0.6371836736      0.3420144897      0.2916657566      2.526849695       2.587500718       1.949742158       0.8062960394      0.5562212823      0.3953695636      0.3004390704      0.0669121526     
0.0038642992      2.516625691       2.573933044       1.94256324        0.805277329       0.5479554248      0.3928813695      0.2988243056      2.652858682       2.716327843       2.080680344       0.9160248889      0.6373520123      0.3420666617      0.2917153389      2.527207952       2.588121627       1.949256793       0.8060625905      0.5564868361      0.3954631723      0.3004966272      0.06690715887    
0.0038892992      2.516737532       2.574296713       1.941886389       0.8049604284      0.5481628281      0.3929682343      0.2988721127      2.653064302       2.716775069       2.080056198       0.9156645601      0.6374956336      0.3420790633      0.2917308321      2.527443148       2.588620876       1.948665256       0.8057768091      0.5567071839      0.3954766561      0.3005016082      0.06689132625    
0.0039142992      2.517119873       2.574931794       1.941418816       0.8047379903      0.5483801454      0.3930095811      0.2988968532      2.653384761       2.71734282        2.079524063       0.915356098       0.6376248323      0.3421194917      0.2917701981      2.527784281       2.58922825        1.948154286       0.8055359976      0.5569317988      0.3955460028      0.3005442678      0.06688486946    
0.0039392992      2.517277809       2.575350149       1.940763769       0.8044306073      0.5485753651      0.3930131777      0.2988967039      2.653610037       2.71781423        2.078907281       0.9150021099      0.6377422408      0.3421374803      0.291789273       2.528043244       2.589752862       1.94757112        0.8052582973      0.5571157806      0.3955739643      0.3005567794      0.0668686693     
0.0039642992      2.517657664       2.575981618       1.940288803       0.804209702       0.5488298326      0.3930558634      0.2989270486      2.653919351       2.718368875       2.078357935       0.9146894926      0.6379014748      0.3421983382      0.2918451527      2.528368479       2.590341081       1.947043137       0.8050125581      0.5573780355      0.395691128       0.3006281762      0.06686288944    
0.0039892992      2.517810925       2.576391466       1.939626815       0.8038929646      0.5490244133      0.3931441088      0.2989748536      2.654100106       2.718796894       2.07769802        0.9143237037      0.6380307058      0.3422214327      0.2918702056      2.528583976       2.590822          1.946421302       0.8047128548      0.5576414526      0.3957486685      0.3006598177      0.0668460991     
0.0040142992      2.518164928       2.577002709       1.939124303       0.8036570326      0.5492791487      0.3932194159      0.299020537       2.654418708       2.719372468       2.077146953       0.914021118       0.6382124248      0.3422675563      0.2919136506      2.528926025       2.591436256       1.945898673       0.8044651993      0.5578870792      0.3958127433      0.3006994131      0.06683963616    
0.0040392992      2.518350628       2.577450413       1.938477638       0.8033511011      0.5494437241      0.393271218       0.2990468887      2.654631291       2.719836474       2.076502605       0.9136715475      0.6383283233      0.3423035823      0.2919472003      2.529175283       2.591953687       1.945295182       0.8041790141      0.5580826578      0.3958836219      0.300738017       0.06682403629    
0.0040642992      2.518658597       2.578011979       1.937930691       0.8031001325      0.5496075743      0.393376305       0.2991078536      2.654890606       2.720344218       2.075893544       0.9133467201      0.6384887887      0.3423541194      0.2919939073      2.529459638       2.592504503       1.944719008       0.8039129281      0.5583300243      0.3959749795      0.3007925579      0.0668172222     
0.0040892992      2.518863596       2.578474292       1.937296327       0.8028026394      0.5498061534      0.3934525416      0.2991502082      2.655107966       2.720811959       2.075251311       0.9129933534      0.6386079093      0.3423793686      0.2920197419      2.529710688       2.593026554       1.944112035       0.8036266053      0.558529629       0.3960283575      0.3008211087      0.0668019934     
0.0041142992      2.519172954       2.579037955       1.936747034       0.8025508918      0.549971177       0.3935054634      0.2991815427      2.655356583       2.721309929       2.074635703       0.9126653717      0.6387472353      0.3424374054      0.2920727732      2.529983918       2.593566058       1.943523664       0.8033559215      0.5587997535      0.3961473248      0.3008918015      0.06679487927    
