# Region type :   patch ambient_openings
# Faces           : 8098
# Area            : 2.0799987579e+00
# Scale factor    : 1.0000000000e+00
# Time            	sum(phi)
0.000112          	-1.8976027269e-12
0.0001264         	-8.3453667533e-13
0.00014368        	-1.6567772490e-12
0.000164416       	-4.8627711857e-12
0.0001892992      	-5.7200334280e-12
0.0002142992      	-9.6476999769e-12
0.0002392992      	-8.2465180217e-12
0.0002642992      	-7.7992197183e-12
0.0002892992      	-7.3382586862e-12
0.0003142992      	-6.3483684048e-12
0.0003392992      	-6.5441349136e-12
0.0003642992      	-6.4745177022e-12
0.0003892992      	-5.8463153406e-12
0.0004142992      	-9.7610076886e-12
0.0004392992      	-1.0271146046e-11
0.0004642992      	-5.4856308719e-12
0.0004892992      	-9.6211829986e-12
0.0005142992      	-1.0064880651e-11
0.0005392992      	-5.5819511268e-12
0.0005642992      	-8.7532069623e-12
0.0005892992      	-6.2161776099e-12
0.0006142992      	-8.3715826383e-12
0.0006392992      	-6.5023928257e-12
0.0006642992      	-6.5360834126e-12
0.0006892992      	-1.1407261909e-11
0.0007142992      	-6.1302259915e-12
0.0007392992      	-1.0298780250e-11
0.0007642992      	-6.4389019853e-12
0.0007892992      	-9.0812761199e-12
0.0008142992      	-7.6274274195e-12
0.0008392992      	-6.9745602816e-12
0.0008642992      	-9.0069119994e-12
0.0008892992      	-4.8740513959e-12
0.0009142992      	-6.0069203118e-12
0.0009392992      	-5.1230687352e-12
0.0009642992      	-6.4798630068e-12
0.0009892992      	-4.2618801564e-12
0.0010142992      	-4.5482100670e-12
0.0010392992      	-5.1491135430e-12
0.0010642992      	-5.0679221944e-12
0.0010892992      	-3.9998571978e-12
0.0011142992      	-3.3488595475e-12
0.0011392992      	-4.9707350396e-12
0.0011642992      	-4.7793776067e-12
0.0011892992      	-2.7038812112e-12
0.0012142992      	-1.3295858465e-12
0.0012392992      	-3.1534983291e-12
0.0012642992      	-2.1905399890e-12
0.0012892992      	-1.5155892057e-12
0.0013142992      	8.3009561535e-13
0.0013392992      	-3.4447171114e-13
0.0013642992      	-4.9805248513e-13
0.0013892992      	8.5589184801e-13
0.0014142992      	3.9537757918e-13
0.0014392992      	4.1807942314e-13
0.0014642992      	1.7256637122e-13
0.0014892992      	5.1098248973e-12
0.0015142992      	7.4579634318e-12
0.0015392992      	6.1428791289e-12
0.0015642992      	2.5579154007e-12
0.0015892992      	3.5876973356e-12
0.0016142992      	1.3429047939e-12
0.0016392992      	4.7190167570e-12
0.0016642992      	5.7591243494e-12
0.0016892992      	6.3492020212e-12
0.0017142992      	3.7154792017e-12
0.0017392992      	4.3339813227e-12
0.0017642992      	3.4219553785e-12
0.0017892992      	2.4739183292e-12
0.0018142992      	2.2176914807e-12
0.0018392992      	2.6783427560e-12
0.0018642992      	2.1603843959e-12
0.0018892992      	2.7541110541e-12
0.0019142992      	2.3011916359e-12
0.0019392992      	1.6401723657e-12
0.0019642992      	1.9355237587e-12
0.0019892992      	2.7142363746e-12
0.0020142992      	3.1690890492e-12
0.0020392992      	2.0294184697e-12
0.0020642992      	2.3994105803e-12
0.0020892992      	2.4660219659e-12
0.0021142992      	3.1722783933e-12
0.0021392992      	3.7769467774e-12
0.0021642992      	4.0427363300e-12
0.0021892992      	4.1463772384e-12
0.0022142992      	3.7754121536e-12
0.0022392992      	3.5216991746e-12
0.0022642992      	4.0374276664e-12
0.0022892992      	3.7158016235e-12
0.0023142992      	4.5665549686e-12
0.0023392992      	4.2366379629e-12
0.0023642992      	4.6324970953e-12
0.0023892992      	4.1637452659e-12
0.0024142992      	5.1018018560e-12
0.0024392992      	4.7720807302e-12
0.0024642992      	5.7617702401e-12
0.0024892992      	7.2054454749e-12
0.0025142992      	6.6191287727e-12
0.0025392992      	5.3073696124e-12
0.0025642992      	5.6711324805e-12
0.0025892992      	5.6551439853e-12
0.0026142992      	7.1533580097e-12
0.0026392992      	5.6433181503e-12
0.0026642992      	4.9127293625e-12
0.0026892992      	5.3942795728e-12
0.0027142992      	5.4402944670e-12
0.0027392992      	7.2250502363e-12
0.0027642992      	4.6690572532e-12
0.0027892992      	5.9304230490e-12
0.0028142992      	4.5121857662e-12
0.0028392992      	6.9161502159e-12
0.0028642992      	4.7573737687e-12
0.0028892992      	7.3342038193e-12
0.0029142992      	6.3084083849e-12
0.0029392992      	8.7885837117e-12
0.0029642992      	5.1773745809e-12
0.0029892992      	7.2679980077e-12
0.0030142992      	4.9850393862e-12
0.0030392992      	7.1891728527e-12
0.0030642992      	4.0898610017e-12
0.0030892992      	6.4185024172e-12
0.0031142992      	4.2428872453e-12
0.0031392992      	5.4057584721e-12
0.0031642992      	4.0931148102e-12
0.0031892992      	5.5344438473e-12
0.0032142992      	4.4883927126e-12
0.0032392992      	5.5565782307e-12
0.0032642992      	4.9183699876e-12
0.0032892992      	5.5714253931e-12
0.0033142992      	5.0918293178e-12
0.0033392992      	5.0538128592e-12
0.0033642992      	4.8225850015e-12
0.0033892992      	5.4789053333e-12
0.0034142992      	5.2640955809e-12
0.0034392992      	6.0476421630e-12
0.0034642992      	5.4231534020e-12
0.0034892992      	5.2155329548e-12
0.0035142992      	5.5492915764e-12
0.0035392992      	5.6068797473e-12
0.0035642992      	6.2712425665e-12
0.0035892992      	6.3986321055e-12
0.0036142992      	6.4587886564e-12
0.0036392992      	6.2863342334e-12
0.0036642992      	6.3966018801e-12
0.0036892992      	5.8859495890e-12
0.0037142992      	5.5285545765e-12
0.0037392992      	5.6333372284e-12
0.0037642992      	6.0882301154e-12
0.0037892992      	5.1646592547e-12
0.0038142992      	5.2219933585e-12
0.0038392992      	4.4809056535e-12
0.0038642992      	4.7717009046e-12
0.0038892992      	4.1310769236e-12
0.0039142992      	4.3588776383e-12
0.0039392992      	4.4745747812e-12
0.0039642992      	4.4946700213e-12
0.0039892992      	4.9110253734e-12
0.0040142992      	4.9519658084e-12
0.0040392992      	5.2786581737e-12
0.0040642992      	4.9643860160e-12
0.0040892992      	4.2559103943e-12
0.0041142992      	4.0088292348e-12
0.0041392992      	3.6945143159e-12
0.0041642992      	4.8729502463e-12
0.0041892992      	5.0318148840e-12
0.0042142992      	5.6766277944e-12
0.0042392992      	4.6116346681e-12
0.0042642992      	4.5637453993e-12
0.0042892992      	4.6099743468e-12
0.0043142992      	4.6365250756e-12
0.0043392992      	4.3854636732e-12
0.0043642992      	4.4768236783e-12
0.0043892992      	4.1139229868e-12
0.0044142992      	4.4854582529e-12
0.0044392992      	4.4983628101e-12
0.0044642992      	4.4577753896e-12
0.0044892992      	4.2038156170e-12
0.0045142992      	4.6189586575e-12
0.0045392992      	4.2939305625e-12
0.0045642992      	4.2165090287e-12
0.0045892992      	4.1604259956e-12
0.0046142992      	4.8314091578e-12
0.0046392992      	4.4929338871e-12
0.0046642992      	4.8622088178e-12
0.0046892992      	4.9513099411e-12
0.0047142992      	5.7390036195e-12
0.0047392992      	5.1113350164e-12
0.0047642992      	6.3367701174e-12
0.0047892992      	6.9280117548e-12
0.0048142992      	6.9420195436e-12
0.0048392992      	7.0461659663e-12
0.0048642992      	6.7152923677e-12
0.0048892992      	6.8242211236e-12
0.0049142992      	7.4473134081e-12
0.0049392992      	7.9483186174e-12
0.0049642992      	7.9215844458e-12
0.0049892992      	7.9410393806e-12
0.0050142992      	8.7856176950e-12
0.0050392992      	9.2007761303e-12
0.0050642992      	8.8468878740e-12
0.0050892992      	8.9365206244e-12
0.0051142992      	1.0335611181e-11
0.0051392992      	1.0135266838e-11
0.0051642992      	9.8947051927e-12
0.0051892992      	1.0171027212e-11
0.0052142992      	9.7211876030e-12
0.0052392992      	9.2909214524e-12
0.0052642992      	8.7167124113e-12
0.0052892992      	8.3388121826e-12
0.0053142992      	7.6542196471e-12
0.0053392992      	7.6645758662e-12
0.0053642992      	7.9086604188e-12
0.0053892992      	7.4782075089e-12
0.0054142992      	7.1150921395e-12
0.0054392992      	7.3462157107e-12
0.0054642992      	8.0115783333e-12
0.0054892992      	7.9261788609e-12
0.0055142992      	7.8497499219e-12
0.0055392992      	7.8666941151e-12
0.0055642992      	7.8361910576e-12
0.0055892992      	7.9399252807e-12
0.0056142992      	7.9524588581e-12
0.0056392992      	7.9344286450e-12
0.0056642992      	7.7556193838e-12
0.0056892992      	8.0001006015e-12
0.0057142992      	8.2916673537e-12
0.0057392992      	8.8745207040e-12
0.0057642992      	9.8532242169e-12
0.0057892992      	1.0860236733e-11
0.0058142992      	1.1330810552e-11
0.0058392992      	1.1165908626e-11
0.0058642992      	1.1003958241e-11
0.0058892992      	1.0747438023e-11
0.0059142992      	1.0416154807e-11
0.0059392992      	9.7727608578e-12
0.0059642992      	8.2161701970e-12
0.0059892992      	9.5563798675e-12
0.0060142992      	8.8213526576e-12
0.0060392992      	7.7300670510e-12
0.0060642992      	7.1924414488e-12
0.0060892992      	7.3603189850e-12
0.0061142992      	7.2218474542e-12
0.0061392992      	7.7857421158e-12
0.0061642992      	7.2129183471e-12
0.0061892992      	8.0450749017e-12
0.0062142992      	7.9463743727e-12
0.0062392992      	8.3452529436e-12
0.0062642992      	7.7706155495e-12
0.0062892992      	9.8457471038e-12
0.0063142992      	9.0306404327e-12
0.0063392992      	8.8813278000e-12
0.0063642992      	8.6254606303e-12
0.0063892992      	9.0635847623e-12
0.0064142992      	8.7876046746e-12
0.0064392992      	8.9529469636e-12
0.0064642992      	8.2307213523e-12
0.0064892992      	8.3344487783e-12
0.0065142992      	8.1241955831e-12
0.0065392992      	8.5908124245e-12
0.0065642992      	9.0450012706e-12
0.0065892992      	8.0078765969e-12
0.0066142992      	9.0843213655e-12
0.0066392992      	8.0957651848e-12
0.0066642992      	9.6412325170e-12
0.0066892992      	8.4349363042e-12
0.0067142992      	9.2875472383e-12
0.0067392992      	9.2940578579e-12
0.0067642992      	9.0759734251e-12
0.0067892992      	9.7322831938e-12
0.0068142992      	8.5352686498e-12
0.0068392992      	8.1140274841e-12
0.0068642992      	8.2627948410e-12
0.0068892992      	1.0040608591e-11
0.0069142992      	7.9468668364e-12
0.0069392992      	8.3460996462e-12
0.0069642992      	8.0819034280e-12
0.0069892992      	8.3490783964e-12
0.0070142992      	8.3524053013e-12
0.0070392992      	9.0200242875e-12
0.0070642992      	8.9518778611e-12
0.0070892992      	8.9469175231e-12
0.0071142992      	8.8019652271e-12
0.0071392992      	8.6993828325e-12
0.0071642992      	9.0629793002e-12
0.0071892992      	8.8127483093e-12
0.0072142992      	8.4722761618e-12
0.0072392992      	8.8440448367e-12
0.0072642992      	9.0297048712e-12
0.0072892992      	9.1999776501e-12
0.0073142992      	9.3004141918e-12
0.0073392992      	9.2948662700e-12
0.0073642992      	8.8028993575e-12
0.0073892992      	1.0422120262e-11
0.0074142992      	8.8378178495e-12
0.0074392992      	1.0428866104e-11
0.0074642992      	1.0561688422e-11
0.0074892992      	9.3825775718e-12
0.0075142992      	9.5192025047e-12
0.0075392992      	9.3887605489e-12
0.0075642992      	1.1369122795e-11
0.0075892992      	1.0327480005e-11
0.0076142992      	9.6521548379e-12
0.0076392992      	1.0235208606e-11
0.0076642992      	9.7070609501e-12
0.0076892992      	1.0745090820e-11
0.0077142992      	8.9865812257e-12
0.0077392992      	1.0373286343e-11
0.0077642992      	8.9798423299e-12
0.0077892992      	1.0694151517e-11
0.0078142992      	8.6014936137e-12
0.0078392992      	9.3696949681e-12
0.0078642992      	1.0128465342e-11
0.0078892992      	8.5463232069e-12
0.0079142992      	9.4713567730e-12
0.0079392992      	8.1212662573e-12
0.0079642992      	9.2661215962e-12
0.0079892992      	9.5680032255e-12
0.0080142992      	9.8191138143e-12
0.0080392992      	8.1574517970e-12
0.0080642992      	7.9416180748e-12
0.0080892992      	8.4680666986e-12
0.0081142992      	8.6642164780e-12
0.0081392992      	7.8447989681e-12
0.0081642992      	9.0934794078e-12
0.0081892992      	8.1538562354e-12
0.0082142992      	9.0408577434e-12
0.0082392992      	8.1590852128e-12
0.0082642992      	1.0062220411e-11
0.0082892992      	7.4078340745e-12
0.0083142992      	1.0006543849e-11
0.0083392992      	7.3674528672e-12
0.0083642992      	1.0401695887e-11
0.0083892992      	7.8003526083e-12
0.0084142992      	1.0269844484e-11
0.0084392992      	7.3688332945e-12
0.0084642992      	9.9204240353e-12
0.0084892992      	7.0959342917e-12
0.0085142992      	6.9335226672e-12
0.0085392992      	6.8352967092e-12
0.0085642992      	6.8637078045e-12
0.0085892992      	7.1229851156e-12
0.0086142992      	7.2426171234e-12
0.0086392992      	8.1620667654e-12
0.0086642992      	9.1158922460e-12
0.0086892992      	9.7295046470e-12
0.0087142992      	8.0340897399e-12
0.0087392992      	7.7660699967e-12
0.0087642992      	7.1667403728e-12
0.0087892992      	7.6253202454e-12
0.0088142992      	7.4447619327e-12
0.0088392992      	7.3066503265e-12
0.0088642992      	7.4250814678e-12
0.0088892992      	7.3845889891e-12
0.0089142992      	7.3726216672e-12
0.0089392992      	7.3757473941e-12
0.0089642992      	6.3354422950e-12
0.0089892992      	7.0515567627e-12
0.0090142992      	6.9557772475e-12
0.0090392992      	7.4385423265e-12
0.0090642992      	6.8632678462e-12
0.0090892992      	7.5228682469e-12
0.0091142992      	7.5598059120e-12
0.0091392992      	7.9526672867e-12
0.0091642992      	7.8247964579e-12
0.0091892992      	8.5837196573e-12
0.0092142992      	8.6297486855e-12
0.0092392992      	8.8360180268e-12
0.0092642992      	8.0032769674e-12
0.0092892992      	8.5782024396e-12
0.0093142992      	7.2884051157e-12
0.0093392992      	7.5678679979e-12
0.0093642992      	6.5871743256e-12
0.0093892992      	7.4893803817e-12
0.0094142992      	6.6900698026e-12
0.0094392992      	7.0234979442e-12
0.0094642992      	6.3678945268e-12
0.0094892992      	7.5622530190e-12
0.0095142992      	5.3937887482e-12
0.0095392992      	5.3729315707e-12
0.0095642992      	4.1331283895e-12
0.0095892992      	5.7116771174e-12
0.0096142992      	2.8623738494e-12
0.0096392992      	3.1845486001e-12
0.0096642992      	2.4540164848e-12
0.0096892992      	3.7580228431e-12
0.0097142992      	2.7675433543e-12
0.0097392992      	3.9806373936e-12
0.0097642992      	1.3321871038e-12
0.0097892992      	2.0402247583e-12
0.0098142992      	1.6234137490e-12
0.0098392992      	3.0972142279e-12
0.0098642992      	8.5021802407e-13
0.0098892992      	1.1724818004e-12
0.0099142992      	9.1976450192e-13
0.0099392992      	-6.0692004028e-13
0.0099642992      	-4.3064662757e-15
0.0099892992      	-3.5958505935e-13
0.0100142992      	-4.6220025657e-13
0.0100392992      	3.2320370084e-13
0.0100642992      	-3.8954539650e-13
0.0100892992      	3.2375332697e-13
0.0101142992      	-7.4846853518e-13
0.0101392992      	-8.2567213073e-13
0.0101642992      	-6.9702690461e-13
0.0101892992      	-3.3974217076e-13
0.0102142992      	4.0420611973e-13
0.0102392992      	4.3626473792e-13
0.0102642992      	1.1533000575e-12
0.0102892992      	8.8519559148e-13
0.0103142992      	-1.3248166559e-12
0.0103392992      	1.6220333656e-14
0.0103642992      	-1.2814163191e-12
0.0103892992      	-9.2022737409e-13
0.0104142992      	-9.3133643226e-13
0.0104392992      	-1.0028191512e-12
0.0104642992      	-4.5961709831e-13
0.0104892992      	-6.6053562241e-13
0.0105142992      	-2.5452351832e-13
0.0105392992      	3.0041802244e-14
0.0105642992      	-1.1386121275e-12
0.0105892992      	-9.5478182652e-13
0.0106142992      	-1.1295537700e-12
0.0106392992      	-2.3095937589e-12
0.0106642992      	-3.5187062521e-12
0.0106892992      	-3.3472510737e-12
0.0107142992      	-3.1451999894e-12
0.0107392992      	-3.3730558028e-12
0.0107642992      	-2.6958115856e-12
0.0107892992      	-2.7458739255e-12
0.0108142992      	-2.5677270919e-12
0.0108392992      	-2.0800956198e-12
0.0108642992      	-2.0355140777e-12
0.0108892992      	-2.0174229761e-12
0.0109142992      	-2.2429759178e-12
0.0109392992      	-2.5174521561e-12
0.0109642992      	-1.6666159284e-12
0.0109892992      	-2.0693696721e-12
0.0110142992      	-2.1496343464e-12
0.0110392992      	-1.3127797833e-12
0.0110642992      	-1.4850563093e-12
0.0110892992      	-1.8320911372e-12
0.0111142992      	-2.2047267288e-12
0.0111392992      	-2.0120088059e-12
0.0111642992      	-3.4217661824e-12
0.0111892992      	-2.8347210342e-12
0.0112142992      	-3.7478163815e-12
0.0112392992      	-4.0019292583e-12
0.0112642992      	-4.9264549764e-12
0.0112892992      	-4.7770432612e-12
0.0113142992      	-4.7082101223e-12
0.0113392992      	-4.5762633769e-12
0.0113642992      	-5.5074900024e-12
0.0113892992      	-5.0753670633e-12
0.0114142992      	-5.5695062116e-12
0.0114392992      	-4.8828489156e-12
0.0114642992      	-5.9554461895e-12
0.0114892992      	-4.9579222563e-12
0.0115142992      	-6.3204379839e-12
0.0115392992      	-5.7180667256e-12
0.0115642992      	-6.3777500245e-12
0.0115892992      	-5.2807673531e-12
0.0116142992      	-6.5459899743e-12
0.0116392992      	-5.3047038731e-12
0.0116642992      	-6.3054299110e-12
0.0116892992      	-5.3489220973e-12
0.0117142992      	-6.4710953626e-12
0.0117392992      	-5.4702218588e-12
0.0117642992      	-6.3419698629e-12
0.0117892992      	-6.1375207479e-12
0.0118142992      	-6.2978098468e-12
0.0118392992      	-6.4250029874e-12
0.0118642992      	-6.5804594050e-12
0.0118892992      	-7.3377369151e-12
0.0119142992      	-8.0554044516e-12
0.0119392992      	-7.4756756427e-12
0.0119642992      	-8.2583873127e-12
0.0119892992      	-6.8547310094e-12
0.0120142992      	-6.1842203128e-12
