# Field minima and maxima
# Time            	field             	min               	location(min)     	processor         	max               	location(max)     	processor         
1.42361397e-05    	mag(U)            	0.0000000000e+00	(-1.4000000060e-01 4.9258069922e-03 5.3000562546e-02)	0	5.6715589038e+00	(9.6492786747e-02 4.7489527196e-02 2.0149992850e-01)	1
1.42361397e-05    	k                 	1.0000000000e-15	(-1.6106772650e-01 7.7951399919e-04 -3.3234951944e-02)	2	1.0457118400e+00	(9.6500009942e-02 4.2572289314e-02 1.4858471817e-01)	1
1.42361397e-05    	omega             	1.8671491467e+00	(2.9762516631e-01 3.4658714611e-01 8.8011490736e-02)	2	1.6962368395e+07	(1.0291314320e-01 4.7269903838e-02 6.1879950920e-03)	3
1.42361397e-05    	p                 	-5.8822648805e+01	(7.0030748335e-02 6.1936534069e-02 -1.2163279312e-01)	3	9.1376887984e+01	(6.5950672250e-02 4.9688488237e-02 -1.2207829452e-01)	3
3.021280672e-05   	mag(U)            	0.0000000000e+00	(-1.4000000060e-01 4.9258069922e-03 5.3000562546e-02)	0	5.6722746553e+00	(9.6492786747e-02 4.7489527196e-02 2.0149992850e-01)	1
3.021280672e-05   	k                 	1.0000000000e-15	(-1.6106772650e-01 7.7951399919e-04 -3.3234951944e-02)	2	1.0454223475e+00	(9.6500009942e-02 4.2572289314e-02 1.4858471817e-01)	1
3.021280672e-05   	omega             	1.8671492543e+00	(2.9762516631e-01 3.4658714611e-01 8.8011490736e-02)	2	1.6962368380e+07	(1.0291314320e-01 4.7269903838e-02 6.1879950920e-03)	3
3.021280672e-05   	p                 	-3.2406079225e+01	(-6.7971454953e-02 5.1633871159e-02 -1.0803401467e-01)	2	3.9763557608e+01	(1.7537244937e-01 4.0388112420e-02 1.8312121229e-01)	2
4.760630613e-05   	mag(U)            	0.0000000000e+00	(-1.4000000060e-01 4.9258069922e-03 5.3000562546e-02)	0	5.6729993476e+00	(9.6492786747e-02 4.7489527196e-02 2.0149992850e-01)	1
4.760630613e-05   	k                 	1.0000000000e-15	(-1.6106772650e-01 7.7951399919e-04 -3.3234951944e-02)	2	1.0450869681e+00	(9.6500009942e-02 4.2572289314e-02 1.4858471817e-01)	1
4.760630613e-05   	omega             	1.8671493715e+00	(2.9762516631e-01 3.4658714611e-01 8.8011490736e-02)	2	1.6962368368e+07	(1.0291314320e-01 4.7269903838e-02 6.1879950920e-03)	3
4.760630613e-05   	p                 	-1.9762119755e+01	(-1.7669613379e-01 3.9996774196e-02 5.9005914866e-02)	2	2.5103762897e+01	(6.7961913815e-02 8.3871462303e-02 -8.3648877016e-02)	3
6.498408032e-05   	mag(U)            	0.0000000000e+00	(-1.4000000060e-01 4.9258069922e-03 5.3000562546e-02)	0	5.6736806341e+00	(9.6492786747e-02 4.7489527196e-02 2.0149992850e-01)	1
6.498408032e-05   	k                 	1.0000000000e-15	(-1.6106772650e-01 7.7951399919e-04 -3.3234951944e-02)	2	1.0447199456e+00	(9.6500009942e-02 4.2572289314e-02 1.4858471817e-01)	1
6.498408032e-05   	omega             	1.8671494887e+00	(2.9762516631e-01 3.4658714611e-01 8.8011490736e-02)	2	1.6962368374e+07	(1.0291314320e-01 4.7269903838e-02 6.1879950920e-03)	3
6.498408032e-05   	p                 	-1.7128876453e+01	(-1.2088770055e-01 8.7207269197e-02 -1.2343153712e-01)	2	2.0872315036e+01	(6.7961913815e-02 8.3871462303e-02 -8.3648877016e-02)	3
8.235100186e-05   	mag(U)            	0.0000000000e+00	(-1.4000000060e-01 4.9258069922e-03 5.3000562546e-02)	0	5.6743329521e+00	(9.6492786747e-02 4.7489527196e-02 2.0149992850e-01)	1
8.235100186e-05   	k                 	1.0000000000e-15	(-1.6106772650e-01 7.7951399919e-04 -3.3234951944e-02)	2	1.0443184071e+00	(9.6500009942e-02 4.2572289314e-02 1.4858471817e-01)	1
8.235100186e-05   	omega             	1.8671496058e+00	(2.9762516631e-01 3.4658714611e-01 8.8011490736e-02)	2	1.6962368387e+07	(1.0291314320e-01 4.7269903838e-02 6.1879950920e-03)	3
8.235100186e-05   	p                 	-1.7363888953e+01	(-1.2088770055e-01 8.7207269197e-02 -1.2343153712e-01)	2	1.8077977520e+01	(6.7961913815e-02 8.3871462303e-02 -8.3648877016e-02)	3
9.971116817e-05   	mag(U)            	0.0000000000e+00	(-1.4000000060e-01 4.9258069922e-03 5.3000562546e-02)	0	5.6749352060e+00	(9.6492786747e-02 4.7489527196e-02 2.0149992850e-01)	1
9.971116817e-05   	k                 	1.0001696202e-15	(-1.6106772650e-01 7.7951399919e-04 -3.3234951944e-02)	2	1.0438842495e+00	(9.6500009942e-02 4.2572289314e-02 1.4858471817e-01)	1
9.971116817e-05   	omega             	1.8671497229e+00	(2.9762516631e-01 3.4658714611e-01 8.8011490736e-02)	2	1.6962368400e+07	(1.0291314320e-01 4.7269903838e-02 6.1879950920e-03)	3
9.971116817e-05   	p                 	-1.7488985234e+01	(-1.2088770055e-01 8.7207269197e-02 -1.2343153712e-01)	2	1.7736084435e+01	(-1.1849999990e-01 4.9071988420e-02 1.7149999995e-01)	1
0.0001170668082   	mag(U)            	0.0000000000e+00	(-1.4000000060e-01 4.9258069922e-03 5.3000562546e-02)	0	5.6754786098e+00	(9.6492786747e-02 4.7489527196e-02 2.0149992850e-01)	1
0.0001170668082   	k                 	1.0007499305e-15	(-1.6106772650e-01 7.7951399919e-04 -3.3234951944e-02)	2	1.0434209528e+00	(9.6500009942e-02 4.2572289314e-02 1.4858471817e-01)	1
0.0001170668082   	omega             	1.8671498400e+00	(2.9762516631e-01 3.4658714611e-01 8.8011490736e-02)	2	1.6962368411e+07	(1.0291314320e-01 4.7269903838e-02 6.1879950920e-03)	3
0.0001170668082   	p                 	-1.7524963554e+01	(-1.2088770055e-01 8.7207269197e-02 -1.2343153712e-01)	2	1.7699913928e+01	(-1.1849999990e-01 4.9071988420e-02 1.7149999995e-01)	1
0.000134418889    	mag(U)            	0.0000000000e+00	(-1.4000000060e-01 4.9258069922e-03 5.3000562546e-02)	0	5.6759668364e+00	(9.6492786747e-02 4.7489527196e-02 2.0149992850e-01)	1
0.000134418889    	k                 	1.0017865217e-15	(-1.6106772650e-01 7.7951399919e-04 -3.3234951944e-02)	2	1.0429317310e+00	(9.6500009942e-02 4.2572289314e-02 1.4858471817e-01)	1
0.000134418889    	omega             	1.8671499570e+00	(2.9762516631e-01 3.4658714611e-01 8.8011490736e-02)	2	1.6962368418e+07	(1.0291314320e-01 4.7269903838e-02 6.1879950920e-03)	3
0.000134418889    	p                 	-1.7544392903e+01	(-1.2088770055e-01 8.7207269197e-02 -1.2343153712e-01)	2	1.7671558578e+01	(-1.1849999990e-01 4.9071988420e-02 1.7149999995e-01)	1
0.0001517676584   	mag(U)            	0.0000000000e+00	(-1.4000000060e-01 4.9258069922e-03 5.3000562546e-02)	0	5.6764042015e+00	(9.6492786747e-02 4.7489527196e-02 2.0149992850e-01)	1
0.0001517676584   	k                 	1.0032633084e-15	(-1.6106772650e-01 7.7951399919e-04 -3.3234951944e-02)	2	1.0424191968e+00	(9.6500009942e-02 4.2572289314e-02 1.4858471817e-01)	1
0.0001517676584   	omega             	1.8671500740e+00	(2.9762516631e-01 3.4658714611e-01 8.8011490736e-02)	2	1.6962368424e+07	(1.0291314320e-01 4.7269903838e-02 6.1879950920e-03)	3
0.0001517676584   	p                 	-1.7571440662e+01	(-1.2088770055e-01 8.7207269197e-02 -1.2343153712e-01)	2	1.7649308235e+01	(-1.1849999990e-01 4.9071988420e-02 1.7149999995e-01)	1
0.0001691130021   	mag(U)            	0.0000000000e+00	(-1.4000000060e-01 4.9258069922e-03 5.3000562546e-02)	0	5.6767958368e+00	(9.6492786747e-02 4.7489527196e-02 2.0149992850e-01)	1
0.0001691130021   	k                 	1.0051432533e-15	(-1.6106772650e-01 7.7951399919e-04 -3.3234951944e-02)	2	1.0418854855e+00	(9.6500009942e-02 4.2572289314e-02 1.4858471817e-01)	1
0.0001691130021   	omega             	1.8671501910e+00	(2.9762516631e-01 3.4658714611e-01 8.8011490736e-02)	2	1.6962368430e+07	(1.0291314320e-01 4.7269903838e-02 6.1879950920e-03)	3
0.0001691130021   	p                 	-1.7605287545e+01	(-1.2088770055e-01 8.7207269197e-02 -1.2343153712e-01)	2	1.7632496902e+01	(-1.1849999990e-01 4.9071988420e-02 1.7149999995e-01)	1
0.0001864546559   	mag(U)            	0.0000000000e+00	(-1.4000000060e-01 4.9258069922e-03 5.3000562546e-02)	0	5.6771467370e+00	(9.6492786747e-02 4.7489527196e-02 2.0149992850e-01)	1
0.0001864546559   	k                 	1.0073665742e-15	(-1.6106772650e-01 7.7951399919e-04 -3.3234951944e-02)	2	1.0413322870e+00	(9.6500009942e-02 4.2572289314e-02 1.4858471817e-01)	1
0.0001864546559   	omega             	1.8671503080e+00	(2.9762516631e-01 3.4658714611e-01 8.8011490736e-02)	2	1.6962368435e+07	(1.0291314320e-01 4.7269903838e-02 6.1879950920e-03)	3
0.0001864546559   	p                 	-1.7640733152e+01	(-1.2088770055e-01 8.7207269197e-02 -1.2343153712e-01)	2	1.7617156559e+01	(-1.1849999990e-01 4.9071988420e-02 1.7149999995e-01)	1
0.000203792362    	mag(U)            	0.0000000000e+00	(-1.4000000060e-01 4.9258069922e-03 5.3000562546e-02)	0	5.6774617839e+00	(9.6492786747e-02 4.7489527196e-02 2.0149992850e-01)	1
0.000203792362    	k                 	1.0098724052e-15	(-1.6106772650e-01 7.7951399919e-04 -3.3234951944e-02)	2	1.0407612277e+00	(9.6500009942e-02 4.2572289314e-02 1.4858471817e-01)	1
0.000203792362    	omega             	1.8671504249e+00	(2.9762516631e-01 3.4658714611e-01 8.8011490736e-02)	2	1.6962368441e+07	(1.0291314320e-01 4.7269903838e-02 6.1879950920e-03)	3
0.000203792362    	p                 	-1.7675151913e+01	(-1.2088770055e-01 8.7207269197e-02 -1.2343153712e-01)	2	1.7602782098e+01	(-1.1849999990e-01 4.9071988420e-02 1.7149999995e-01)	1
0.0002211259607   	mag(U)            	0.0000000000e+00	(-1.4000000060e-01 4.9258069922e-03 5.3000562546e-02)	0	5.6777449577e+00	(9.6492786747e-02 4.7489527196e-02 2.0149992850e-01)	1
0.0002211259607   	k                 	1.0126047527e-15	(-1.6106772650e-01 7.7951399919e-04 -3.3234951944e-02)	2	1.0401735937e+00	(9.6500009942e-02 4.2572289314e-02 1.4858471817e-01)	1
0.0002211259607   	omega             	1.8671505418e+00	(2.9762516631e-01 3.4658714611e-01 8.8011490736e-02)	2	1.6962368448e+07	(1.0291314320e-01 4.7269903838e-02 6.1879950920e-03)	3
0.0002211259607   	p                 	-1.7708355993e+01	(-1.2088770055e-01 8.7207269197e-02 -1.2343153712e-01)	2	1.7591064110e+01	(-1.1849999990e-01 4.9071988420e-02 1.7149999995e-01)	1
0.0002384554205   	mag(U)            	0.0000000000e+00	(-1.4000000060e-01 4.9258069922e-03 5.3000562546e-02)	0	5.6779997167e+00	(9.6492786747e-02 4.7489527196e-02 2.0149992850e-01)	1
0.0002384554205   	k                 	1.0155076308e-15	(-1.6106772650e-01 7.7951399919e-04 -3.3234951944e-02)	2	1.0395702836e+00	(9.6500009942e-02 4.2572289314e-02 1.4858471817e-01)	1
0.0002384554205   	omega             	1.8671506587e+00	(2.9762516631e-01 3.4658714611e-01 8.8011490736e-02)	2	1.6962368454e+07	(1.0291314320e-01 4.7269903838e-02 6.1879950920e-03)	3
0.0002384554205   	p                 	-1.7740930126e+01	(-1.2088770055e-01 8.7207269197e-02 -1.2343153712e-01)	2	1.7580058742e+01	(-1.1849999990e-01 4.9071988420e-02 1.7149999995e-01)	1
0.0002557808549   	mag(U)            	0.0000000000e+00	(-1.4000000060e-01 4.9258069922e-03 5.3000562546e-02)	0	5.6782291632e+00	(9.6492786747e-02 4.7489527196e-02 2.0149992850e-01)	1
0.0002557808549   	k                 	1.0185290536e-15	(-1.6106772650e-01 7.7951399919e-04 -3.3234951944e-02)	2	1.0389516299e+00	(9.6500009942e-02 4.2572289314e-02 1.4858471817e-01)	1
0.0002557808549   	omega             	1.8671507755e+00	(2.9762516631e-01 3.4658714611e-01 8.8011490736e-02)	2	1.6962368462e+07	(1.0291314320e-01 4.7269903838e-02 6.1879950920e-03)	3
0.0002557808549   	p                 	-1.7771414782e+01	(-1.2088770055e-01 8.7207269197e-02 -1.2343153712e-01)	2	1.7570133510e+01	(-1.1849999990e-01 4.9071988420e-02 1.7149999995e-01)	1
0.0002731025371   	mag(U)            	0.0000000000e+00	(-1.4000000060e-01 4.9258069922e-03 5.3000562546e-02)	0	5.6784361791e+00	(9.6492786747e-02 4.7489527196e-02 2.0149992850e-01)	1
0.0002731025371   	k                 	1.0216335465e-15	(-1.6106772650e-01 7.7951399919e-04 -3.3234951944e-02)	2	1.0383179630e+00	(9.6500009942e-02 4.2572289314e-02 1.4858471817e-01)	1
0.0002731025371   	omega             	1.8671508923e+00	(2.9762516631e-01 3.4658714611e-01 8.8011490736e-02)	2	1.6962368469e+07	(1.0291314320e-01 4.7269903838e-02 6.1879950920e-03)	3
0.0002731025371   	p                 	-1.7799748954e+01	(-1.2088770055e-01 8.7207269197e-02 -1.2343153712e-01)	2	1.7561834379e+01	(-1.1849999990e-01 4.9071988420e-02 1.7149999995e-01)	1
0.0002904208275   	mag(U)            	0.0000000000e+00	(-1.4000000060e-01 4.9258069922e-03 5.3000562546e-02)	0	5.6786231135e+00	(9.6492786747e-02 4.7489527196e-02 2.0149992850e-01)	1
0.0002904208275   	k                 	1.0247890371e-15	(-1.6106772650e-01 7.7951399919e-04 -3.3234951944e-02)	2	1.0376695752e+00	(9.6500009942e-02 4.2572289314e-02 1.4858471817e-01)	1
0.0002904208275   	omega             	1.8671510090e+00	(2.9762516631e-01 3.4658714611e-01 8.8011490736e-02)	2	1.6962368477e+07	(1.0291314320e-01 4.7269903838e-02 6.1879950920e-03)	3
0.0002904208275   	p                 	-1.7825684940e+01	(-1.2088770055e-01 8.7207269197e-02 -1.2343153712e-01)	2	1.7553948223e+01	(-1.1849999990e-01 4.9071988420e-02 1.7149999995e-01)	1
0.0003077361327   	mag(U)            	0.0000000000e+00	(-1.4000000060e-01 4.9258069922e-03 5.3000562546e-02)	0	5.6787921832e+00	(9.6492786747e-02 4.7489527196e-02 2.0149992850e-01)	1
0.0003077361327   	k                 	1.0279771425e-15	(-1.6106772650e-01 7.7951399919e-04 -3.3234951944e-02)	2	1.0370065175e+00	(9.6500009942e-02 4.2572289314e-02 1.4858471817e-01)	1
0.0003077361327   	omega             	1.8671511257e+00	(2.9762516631e-01 3.4658714611e-01 8.8011490736e-02)	2	1.6962368486e+07	(1.0291314320e-01 4.7269903838e-02 6.1879950920e-03)	3
0.0003077361327   	p                 	-1.7849304626e+01	(-1.2088770055e-01 8.7207269197e-02 -1.2343153712e-01)	2	1.7546932815e+01	(-1.1849999990e-01 4.9071988420e-02 1.7149999995e-01)	1
0.0003250488946   	mag(U)            	0.0000000000e+00	(-1.4000000060e-01 4.9258069922e-03 5.3000562546e-02)	0	5.6789450096e+00	(9.6492786747e-02 4.7489527196e-02 2.0149992850e-01)	1
0.0003250488946   	k                 	1.0311940368e-15	(-1.6106772650e-01 7.7951399919e-04 -3.3234951944e-02)	2	1.0363284946e+00	(9.6500009942e-02 4.2572289314e-02 1.4858471817e-01)	1
0.0003250488946   	omega             	1.8671512424e+00	(2.9762516631e-01 3.4658714611e-01 8.8011490736e-02)	2	1.6962368494e+07	(1.0291314320e-01 4.7269903838e-02 6.1879950920e-03)	3
0.0003250488946   	p                 	-1.7870293886e+01	(-1.2088770055e-01 8.7207269197e-02 -1.2343153712e-01)	2	1.7540149208e+01	(-1.1849999990e-01 4.9071988420e-02 1.7149999995e-01)	1
0.0003423595694   	mag(U)            	0.0000000000e+00	(-1.4000000060e-01 4.9258069922e-03 5.3000562546e-02)	0	5.6790831814e+00	(9.6492786747e-02 4.7489527196e-02 2.0149992850e-01)	1
0.0003423595694   	k                 	1.0344455877e-15	(-1.6106772650e-01 7.7951399919e-04 -3.3234951944e-02)	2	1.0356356134e+00	(9.6500009942e-02 4.2572289314e-02 1.4858471817e-01)	1
0.0003423595694   	omega             	1.8671513590e+00	(2.9762516631e-01 3.4658714611e-01 8.8011490736e-02)	2	1.6962368502e+07	(1.0291314320e-01 4.7269903838e-02 6.1879950920e-03)	3
0.0003423595694   	p                 	-1.7889191197e+01	(-1.2088770055e-01 8.7207269197e-02 -1.2343153712e-01)	2	1.7534308213e+01	(-1.1849999990e-01 4.9071988420e-02 1.7149999995e-01)	1
0.0003596685799   	mag(U)            	0.0000000000e+00	(-1.4000000060e-01 4.9258069922e-03 5.3000562546e-02)	0	5.6792089203e+00	(9.6492786747e-02 4.7489527196e-02 2.0149992850e-01)	1
0.0003596685799   	k                 	1.0377419543e-15	(-1.6106772650e-01 7.7951399919e-04 -3.3234951944e-02)	2	1.0349282138e+00	(9.6500009942e-02 4.2572289314e-02 1.4858471817e-01)	1
0.0003596685799   	omega             	1.8671514757e+00	(2.9762516631e-01 3.4658714611e-01 8.8011490736e-02)	2	1.6962368511e+07	(1.0291314320e-01 4.7269903838e-02 6.1879950920e-03)	3
0.0003596685799   	p                 	-1.7905673492e+01	(-1.2088770055e-01 8.7207269197e-02 -1.2343153712e-01)	2	1.7528710389e+01	(-1.1849999990e-01 4.9071988420e-02 1.7149999995e-01)	1
0.0003769763083   	mag(U)            	0.0000000000e+00	(-1.4000000060e-01 4.9258069922e-03 5.3000562546e-02)	0	5.6793233114e+00	(9.6492786747e-02 4.7489527196e-02 2.0149992850e-01)	1
0.0003769763083   	k                 	1.0410934774e-15	(-1.6106772650e-01 7.7951399919e-04 -3.3234951944e-02)	2	1.0342066894e+00	(9.6500009942e-02 4.2572289314e-02 1.4858471817e-01)	1
0.0003769763083   	omega             	1.8671515923e+00	(2.9762516631e-01 3.4658714611e-01 8.8011490736e-02)	2	1.6962368519e+07	(1.0291314320e-01 4.7269903838e-02 6.1879950920e-03)	3
0.0003769763083   	p                 	-1.7920215567e+01	(-1.2088770055e-01 8.7207269197e-02 -1.2343153712e-01)	2	1.7524003615e+01	(-1.1849999990e-01 4.9071988420e-02 1.7149999995e-01)	1
0.0003942830905   	mag(U)            	0.0000000000e+00	(-1.4000000060e-01 4.9258069922e-03 5.3000562546e-02)	0	5.6794267799e+00	(9.6492786747e-02 4.7489527196e-02 2.0149992850e-01)	1
0.0003942830905   	k                 	1.0445091454e-15	(-1.6106772650e-01 7.7951399919e-04 -3.3234951944e-02)	2	1.0334714928e+00	(9.6500009942e-02 4.2572289314e-02 1.4858471817e-01)	1
0.0003942830905   	omega             	1.8671517088e+00	(2.9762516631e-01 3.4658714611e-01 8.8011490736e-02)	2	1.6962368527e+07	(1.0291314320e-01 4.7269903838e-02 6.1879950920e-03)	3
0.0003942830905   	p                 	-1.7932861357e+01	(-1.2088770055e-01 8.7207269197e-02 -1.2343153712e-01)	2	1.7518878032e+01	(-1.1849999990e-01 4.9071988420e-02 1.7149999995e-01)	1
0.0004115892761   	mag(U)            	0.0000000000e+00	(-1.4000000060e-01 4.9258069922e-03 5.3000562546e-02)	0	5.6795201256e+00	(9.6492786747e-02 4.7489527196e-02 2.0149992850e-01)	1
0.0004115892761   	k                 	1.0479960672e-15	(-1.6106772650e-01 7.7951399919e-04 -3.3234951944e-02)	2	1.0327227689e+00	(9.6500009942e-02 4.2572289314e-02 1.4858471817e-01)	1
0.0004115892761   	omega             	1.8671518254e+00	(2.9762516631e-01 3.4658714611e-01 8.8011490736e-02)	2	1.6962368534e+07	(1.0291314320e-01 4.7269903838e-02 6.1879950920e-03)	3
0.0004115892761   	p                 	-1.7943489287e+01	(-1.2088770055e-01 8.7207269197e-02 -1.2343153712e-01)	2	1.7515066847e+01	(-1.1849999990e-01 4.9071988420e-02 1.7149999995e-01)	1
0.0004288952128   	mag(U)            	0.0000000000e+00	(-1.4000000060e-01 4.9258069922e-03 5.3000562546e-02)	0	5.6796038751e+00	(9.6492786747e-02 4.7489527196e-02 2.0149992850e-01)	1
0.0004288952128   	k                 	1.0515602817e-15	(-1.6106772650e-01 7.7951399919e-04 -3.3234951944e-02)	2	1.0319608942e+00	(9.6500009942e-02 4.2572289314e-02 1.4858471817e-01)	1
0.0004288952128   	omega             	1.8671519420e+00	(2.9762516631e-01 3.4658714611e-01 8.8011490736e-02)	2	1.6962368542e+07	(1.0291314320e-01 4.7269903838e-02 6.1879950920e-03)	3
0.0004288952128   	p                 	-1.7952616855e+01	(-1.2088770055e-01 8.7207269197e-02 -1.2343153712e-01)	2	1.7511142025e+01	(-1.1849999990e-01 4.9071988420e-02 1.7149999995e-01)	1
0.0004462012165   	mag(U)            	0.0000000000e+00	(-1.4000000060e-01 4.9258069922e-03 5.3000562546e-02)	0	5.6796800965e+00	(9.6492786747e-02 4.7489527196e-02 2.0149992850e-01)	1
0.0004462012165   	k                 	1.0552079301e-15	(-1.6106772650e-01 7.7951399919e-04 -3.3234951944e-02)	2	1.0311861979e+00	(9.6500009942e-02 4.2572289314e-02 1.4858471817e-01)	1
0.0004462012165   	omega             	1.8671520585e+00	(2.9762516631e-01 3.4658714611e-01 8.8011490736e-02)	2	1.6962368549e+07	(1.0291314320e-01 4.7269903838e-02 6.1879950920e-03)	3
0.0004462012165   	p                 	-1.7960587517e+01	(-1.2088770055e-01 8.7207269197e-02 -1.2343153712e-01)	2	1.7507656193e+01	(-1.1849999990e-01 4.9071988420e-02 1.7149999995e-01)	1
0.0004635075574   	mag(U)            	0.0000000000e+00	(-1.4000000060e-01 4.9258069922e-03 5.3000562546e-02)	0	5.6797484456e+00	(9.6492786747e-02 4.7489527196e-02 2.0149992850e-01)	1
0.0004635075574   	k                 	1.0589451272e-15	(-1.6106772650e-01 7.7951399919e-04 -3.3234951944e-02)	2	1.0303989063e+00	(9.6500009942e-02 4.2572289314e-02 1.4858471817e-01)	1
0.0004635075574   	omega             	1.8671521750e+00	(2.9762516631e-01 3.4658714611e-01 8.8011490736e-02)	2	1.6962368556e+07	(1.0291314320e-01 4.7269903838e-02 6.1879950920e-03)	3
0.0004635075574   	p                 	-1.7966890887e+01	(-1.2088770055e-01 8.7207269197e-02 -1.2343153712e-01)	2	1.7504091454e+01	(-1.1849999990e-01 4.9071988420e-02 1.7149999995e-01)	1
0.0004808144664   	mag(U)            	0.0000000000e+00	(-1.4000000060e-01 4.9258069922e-03 5.3000562546e-02)	0	5.6798084958e+00	(9.6492786747e-02 4.7489527196e-02 2.0149992850e-01)	1
0.0004808144664   	k                 	1.0627775311e-15	(-1.6106772650e-01 7.7951399919e-04 -3.3234951944e-02)	2	1.0295991819e+00	(9.6500009942e-02 4.2572289314e-02 1.4858471817e-01)	1
0.0004808144664   	omega             	1.8671522915e+00	(2.9762516631e-01 3.4658714611e-01 8.8011490736e-02)	2	1.6962368563e+07	(1.0291314320e-01 4.7269903838e-02 6.1879950920e-03)	3
0.0004808144664   	p                 	-1.7971713919e+01	(-1.2088770055e-01 8.7207269197e-02 -1.2343153712e-01)	2	1.7501268930e+01	(-1.1849999990e-01 4.9071988420e-02 1.7149999995e-01)	1
0.0004981221232   	mag(U)            	0.0000000000e+00	(-1.4000000060e-01 4.9258069922e-03 5.3000562546e-02)	0	5.6798603620e+00	(9.6492786747e-02 4.7489527196e-02 2.0149992850e-01)	1
0.0004981221232   	k                 	1.0667100694e-15	(-1.6106772650e-01 7.7951399919e-04 -3.3234951944e-02)	2	1.0287870688e+00	(9.6500009942e-02 4.2572289314e-02 1.4858471817e-01)	1
0.0004981221232   	omega             	1.8671524081e+00	(2.9762516631e-01 3.4658714611e-01 8.8011490736e-02)	2	1.6962368570e+07	(1.0291314320e-01 4.7269903838e-02 6.1879950920e-03)	3
0.0004981221232   	p                 	-1.7975535502e+01	(-1.2088770055e-01 8.7207269197e-02 -1.2343153712e-01)	2	1.7498466428e+01	(-1.1849999990e-01 4.9071988420e-02 1.7149999995e-01)	1
0.0005154307046   	mag(U)            	0.0000000000e+00	(-1.4000000060e-01 4.9258069922e-03 5.3000562546e-02)	0	5.6799044274e+00	(9.6492786747e-02 4.7489527196e-02 2.0149992850e-01)	1
0.0005154307046   	k                 	1.0707470609e-15	(-1.6106772650e-01 7.7951399919e-04 -3.3234951944e-02)	2	1.0279628573e+00	(9.6500009942e-02 4.2572289314e-02 1.4858471817e-01)	1
0.0005154307046   	omega             	1.8671525246e+00	(2.9762516631e-01 3.4658714611e-01 8.8011490736e-02)	2	1.6962368576e+07	(1.0291314320e-01 4.7269903838e-02 6.1879950920e-03)	3
0.0005154307046   	p                 	-1.7978423283e+01	(-1.2088770055e-01 8.7207269197e-02 -1.2343153712e-01)	2	1.7495811138e+01	(-1.1849999990e-01 4.9071988420e-02 1.7149999995e-01)	1
0.0005327403474   	mag(U)            	0.0000000000e+00	(-1.4000000060e-01 4.9258069922e-03 5.3000562546e-02)	0	5.6799408588e+00	(9.6492786747e-02 4.7489527196e-02 2.0149992850e-01)	1
0.0005327403474   	k                 	1.0748916064e-15	(-1.6106772650e-01 7.7951399919e-04 -3.3234951944e-02)	2	1.0271273629e+00	(9.6500009942e-02 4.2572289314e-02 1.4858471817e-01)	1
0.0005327403474   	omega             	1.8671526411e+00	(2.9762516631e-01 3.4658714611e-01 8.8011490736e-02)	2	1.6962368582e+07	(1.0291314320e-01 4.7269903838e-02 6.1879950920e-03)	3
0.0005327403474   	p                 	-1.7980534461e+01	(-1.2088770055e-01 8.7207269197e-02 -1.2343153712e-01)	2	1.7493146132e+01	(-1.1849999990e-01 4.9071988420e-02 1.7149999995e-01)	1
0.0005500511544   	mag(U)            	0.0000000000e+00	(-1.4000000060e-01 4.9258069922e-03 5.3000562546e-02)	0	5.6799698809e+00	(9.6492786747e-02 4.7489527196e-02 2.0149992850e-01)	1
0.0005500511544   	k                 	1.0791456074e-15	(-1.6106772650e-01 7.7951399919e-04 -3.3234951944e-02)	2	1.0262812370e+00	(9.6500009942e-02 4.2572289314e-02 1.4858471817e-01)	1
0.0005500511544   	omega             	1.8671527575e+00	(2.9762516631e-01 3.4658714611e-01 8.8011490736e-02)	2	1.6962368587e+07	(1.0291314320e-01 4.7269903838e-02 6.1879950920e-03)	3
0.0005500511544   	p                 	-1.7981806239e+01	(-1.2088770055e-01 8.7207269197e-02 -1.2343153712e-01)	2	1.7490622665e+01	(-1.1849999990e-01 4.9071988420e-02 1.7149999995e-01)	1
0.0005673631974   	mag(U)            	0.0000000000e+00	(-1.4000000060e-01 4.9258069922e-03 5.3000562546e-02)	0	5.6799916959e+00	(9.6492786747e-02 4.7489527196e-02 2.0149992850e-01)	1
0.0005673631974   	k                 	1.0835104542e-15	(-1.6106772650e-01 7.7951399919e-04 -3.3234951944e-02)	2	1.0254245646e+00	(9.6500009942e-02 4.2572289314e-02 1.4858471817e-01)	1
0.0005673631974   	omega             	1.8671528740e+00	(2.9762516631e-01 3.4658714611e-01 8.8011490736e-02)	2	1.6962368592e+07	(1.0291314320e-01 4.7269903838e-02 6.1879950920e-03)	3
0.0005673631974   	p                 	-1.7982659125e+01	(-1.2088770055e-01 8.7207269197e-02 -1.2343153712e-01)	2	1.7488622731e+01	(-1.1849999990e-01 4.9071988420e-02 1.7149999995e-01)	1
0.0005846765113   	mag(U)            	0.0000000000e+00	(-1.4000000060e-01 4.9258069922e-03 5.3000562546e-02)	0	5.6800064446e+00	(9.6492786747e-02 4.7489527196e-02 2.0149992850e-01)	1
0.0005846765113   	k                 	1.0879877573e-15	(-1.6106772650e-01 7.7951399919e-04 -3.3234951944e-02)	2	1.0245574638e+00	(9.6500009942e-02 4.2572289314e-02 1.4858471817e-01)	1
0.0005846765113   	omega             	1.8671529905e+00	(2.9762516631e-01 3.4658714611e-01 8.8011490736e-02)	2	1.6962368597e+07	(1.0291314320e-01 4.7269903838e-02 6.1879950920e-03)	3
0.0005846765113   	p                 	-1.7983002050e+01	(-1.2088770055e-01 8.7207269197e-02 -1.2343153712e-01)	2	1.7486374544e+01	(-1.1849999990e-01 4.9071988420e-02 1.7149999995e-01)	1
0.0006019911017   	mag(U)            	0.0000000000e+00	(-1.4000000060e-01 4.9258069922e-03 5.3000562546e-02)	0	5.6800141859e+00	(9.6492786747e-02 4.7489527196e-02 2.0149992850e-01)	1
0.0006019911017   	k                 	1.0925796597e-15	(-1.6106772650e-01 7.7951399919e-04 -3.3234951944e-02)	2	1.0236802978e+00	(9.6500009942e-02 4.2572289314e-02 1.4858471817e-01)	1
0.0006019911017   	omega             	1.8671531070e+00	(2.9762516631e-01 3.4658714611e-01 8.8011490736e-02)	2	1.6962368602e+07	(1.0291314320e-01 4.7269903838e-02 6.1879950920e-03)	3
0.0006019911017   	p                 	-1.7982842158e+01	(-1.2088770055e-01 8.7207269197e-02 -1.2343153712e-01)	2	1.7484653440e+01	(-1.1849999990e-01 4.9071988420e-02 1.7149999995e-01)	1
0.0006193069512   	mag(U)            	0.0000000000e+00	(-1.4000000060e-01 4.9258069922e-03 5.3000562546e-02)	0	5.6800149852e+00	(9.6492786747e-02 4.7489527196e-02 2.0149992850e-01)	1
0.0006193069512   	k                 	1.0972888647e-15	(-1.6106772650e-01 7.7951399919e-04 -3.3234951944e-02)	2	1.0227934247e+00	(9.6500009942e-02 4.2572289314e-02 1.4858471817e-01)	1
0.0006193069512   	omega             	1.8671532235e+00	(2.9762516631e-01 3.4658714611e-01 8.8011490736e-02)	2	1.6962368606e+07	(1.0291314320e-01 4.7269903838e-02 6.1879950920e-03)	3
0.0006193069512   	p                 	-1.7982408495e+01	(-1.2088770055e-01 8.7207269197e-02 -1.2343153712e-01)	2	1.7482457473e+01	(-1.1849999990e-01 4.9071988420e-02 1.7149999995e-01)	1
0.0006366232668   	mag(U)            	0.0000000000e+00	(-1.4000000060e-01 4.9258069922e-03 5.3000562546e-02)	0	5.6800086768e+00	(9.6492786747e-02 4.7489527196e-02 2.0149992850e-01)	1
0.0006366232668   	k                 	1.1021181859e-15	(-1.6106772650e-01 7.7951399919e-04 -3.3234951944e-02)	2	1.0218975079e+00	(9.6500009942e-02 4.2572289314e-02 1.4858471817e-01)	1
0.0006366232668   	omega             	1.8671533400e+00	(2.9762516631e-01 3.4658714611e-01 8.8011490736e-02)	2	1.6962368610e+07	(1.0291314320e-01 4.7269903838e-02 6.1879950920e-03)	3
0.0006366232668   	p                 	-1.7982020374e+01	(-1.2088770055e-01 8.7207269197e-02 -1.2343153712e-01)	2	1.7480955803e+01	(-1.1849999990e-01 4.9071988420e-02 1.7149999995e-01)	1
0.0006539321231   	mag(U)            	0.0000000000e+00	(-1.4000000060e-01 4.9258069922e-03 5.3000562546e-02)	0	5.6799952135e+00	(9.6492786747e-02 4.7489527196e-02 2.0149992850e-01)	1
0.0006539321231   	k                 	1.1070686714e-15	(-1.6106772650e-01 7.7951399919e-04 -3.3234951944e-02)	2	1.0209935487e+00	(9.6500009942e-02 4.2572289314e-02 1.4858471817e-01)	1
0.0006539321231   	omega             	1.8671534564e+00	(2.9762516631e-01 3.4658714611e-01 8.8011490736e-02)	2	1.6962368614e+07	(1.0291314320e-01 4.7269903838e-02 6.1879950920e-03)	3
0.0006539321231   	p                 	-1.7984696188e+01	(-1.2088770055e-01 8.7207269197e-02 -1.2343153712e-01)	2	1.7479341165e+01	(-1.1849999990e-01 4.9071988420e-02 1.7149999995e-01)	1
0.0006712335908   	mag(U)            	0.0000000000e+00	(-1.4000000060e-01 4.9258069922e-03 5.3000562546e-02)	0	5.6799747306e+00	(9.6492786747e-02 4.7489527196e-02 2.0149992850e-01)	1
0.0006712335908   	k                 	1.1121434575e-15	(-1.6106772650e-01 7.7951399919e-04 -3.3234951944e-02)	2	1.0200811411e+00	(9.6500009942e-02 4.2572289314e-02 1.4858471817e-01)	1
0.0006712335908   	omega             	1.8671535727e+00	(2.9762516631e-01 3.4658714611e-01 8.8011490736e-02)	2	1.6962368617e+07	(1.0291314320e-01 4.7269903838e-02 6.1879950920e-03)	3
0.0006712335908   	p                 	-1.7987680102e+01	(-1.2088770055e-01 8.7207269197e-02 -1.2343153712e-01)	2	1.7477876508e+01	(-1.1849999990e-01 4.9071988420e-02 1.7149999995e-01)	1
0.0006885277376   	mag(U)            	0.0000000000e+00	(-1.4000000060e-01 4.9258069922e-03 5.3000562546e-02)	0	5.6799471855e+00	(9.6492786747e-02 4.7489527196e-02 2.0149992850e-01)	1
0.0006885277376   	k                 	1.1173454402e-15	(-1.6106772650e-01 7.7951399919e-04 -3.3234951944e-02)	2	1.0191603202e+00	(9.6500009942e-02 4.2572289314e-02 1.4858471817e-01)	1
0.0006885277376   	omega             	1.8671536890e+00	(2.9762516631e-01 3.4658714611e-01 8.8011490736e-02)	2	1.6962368621e+07	(1.0291314320e-01 4.7269903838e-02 6.1879950920e-03)	3
0.0006885277376   	p                 	-1.7990275478e+01	(-1.2088770055e-01 8.7207269197e-02 -1.2343153712e-01)	2	1.7476546991e+01	(-1.1849999990e-01 4.9071988420e-02 1.7149999995e-01)	1
0.0007058146424   	mag(U)            	0.0000000000e+00	(-1.4000000060e-01 4.9258069922e-03 5.3000562546e-02)	0	5.6799124418e+00	(9.6492786747e-02 4.7489527196e-02 2.0149992850e-01)	1
0.0007058146424   	k                 	1.1226771329e-15	(-1.6106772650e-01 7.7951399919e-04 -3.3234951944e-02)	2	1.0182312505e+00	(9.6500009942e-02 4.2572289314e-02 1.4858471817e-01)	1
0.0007058146424   	omega             	1.8671538052e+00	(2.9762516631e-01 3.4658714611e-01 8.8011490736e-02)	2	1.6962368624e+07	(1.0291314320e-01 4.7269903838e-02 6.1879950920e-03)	3
0.0007058146424   	p                 	-1.7992674762e+01	(-1.2088770055e-01 8.7207269197e-02 -1.2343153712e-01)	2	1.7474734488e+01	(-1.1849999990e-01 4.9071988420e-02 1.7149999995e-01)	1
0.0007230943975   	mag(U)            	0.0000000000e+00	(-1.4000000060e-01 4.9258069922e-03 5.3000562546e-02)	0	5.6798704111e+00	(9.6492786747e-02 4.7489527196e-02 2.0149992850e-01)	1
0.0007230943975   	k                 	1.1281408336e-15	(-1.6106772650e-01 7.7951399919e-04 -3.3234951944e-02)	2	1.0172941541e+00	(9.6500009942e-02 4.2572289314e-02 1.4858471817e-01)	1
0.0007230943975   	omega             	1.8671539214e+00	(2.9762516631e-01 3.4658714611e-01 8.8011490736e-02)	2	1.6962368627e+07	(1.0291314320e-01 4.7269903838e-02 6.1879950920e-03)	3
0.0007230943975   	p                 	-1.7994752057e+01	(-1.2088770055e-01 8.7207269197e-02 -1.2343153712e-01)	2	1.7473291067e+01	(-1.1849999990e-01 4.9071988420e-02 1.7149999995e-01)	1
0.0007403671081   	mag(U)            	0.0000000000e+00	(-1.4000000060e-01 4.9258069922e-03 5.3000562546e-02)	0	5.6798212474e+00	(9.6492786747e-02 4.7489527196e-02 2.0149992850e-01)	1
0.0007403671081   	k                 	1.1337385158e-15	(-1.6106772650e-01 7.7951399919e-04 -3.3234951944e-02)	2	1.0163492830e+00	(9.6500009942e-02 4.2572289314e-02 1.4858471817e-01)	1
0.0007403671081   	omega             	1.8671540375e+00	(2.9762516631e-01 3.4658714611e-01 8.8011490736e-02)	2	1.6962368629e+07	(1.0291314320e-01 4.7269903838e-02 6.1879950920e-03)	3
0.0007403671081   	p                 	-1.7996807371e+01	(-1.2088770055e-01 8.7207269197e-02 -1.2343153712e-01)	2	1.7472279721e+01	(-1.1849999990e-01 4.9071988420e-02 1.7149999995e-01)	1
0.0007576328948   	mag(U)            	0.0000000000e+00	(-1.4000000060e-01 4.9258069922e-03 5.3000562546e-02)	0	5.6797650290e+00	(9.6492786747e-02 4.7489527196e-02 2.0149992850e-01)	1
0.0007576328948   	k                 	1.1394716708e-15	(-1.6106772650e-01 7.7951399919e-04 -3.3234951944e-02)	2	1.0153968786e+00	(9.6500009942e-02 4.2572289314e-02 1.4858471817e-01)	1
0.0007576328948   	omega             	1.8671541536e+00	(2.9762516631e-01 3.4658714611e-01 8.8011490736e-02)	2	1.6962368632e+07	(1.0291314320e-01 4.7269903838e-02 6.1879950920e-03)	3
0.0007576328948   	p                 	-1.7998845494e+01	(-1.2088770055e-01 8.7207269197e-02 -1.2343153712e-01)	2	1.7470774064e+01	(-1.1849999990e-01 4.9071988420e-02 1.7149999995e-01)	1
0.0007748918905   	mag(U)            	0.0000000000e+00	(-1.4000000060e-01 4.9258069922e-03 5.3000562546e-02)	0	5.6797017127e+00	(9.6492786747e-02 4.7489527196e-02 2.0149992850e-01)	1
0.0007748918905   	k                 	1.1453415590e-15	(-1.6106772650e-01 7.7951399919e-04 -3.3234951944e-02)	2	1.0144371874e+00	(9.6500009942e-02 4.2572289314e-02 1.4858471817e-01)	1
0.0007748918905   	omega             	1.8671542696e+00	(2.9762516631e-01 3.4658714611e-01 8.8011490736e-02)	2	1.6962368635e+07	(1.0291314320e-01 4.7269903838e-02 6.1879950920e-03)	3
0.0007748918905   	p                 	-1.8000783493e+01	(-1.2088770055e-01 8.7207269197e-02 -1.2343153712e-01)	2	1.7469661671e+01	(-1.1849999990e-01 4.9071988420e-02 1.7149999995e-01)	1
0.0007921442381   	mag(U)            	0.0000000000e+00	(-1.4000000060e-01 4.9258069922e-03 5.3000562546e-02)	0	5.6796312862e+00	(9.6492786747e-02 4.7489527196e-02 2.0149992850e-01)	1
0.0007921442381   	k                 	1.1513490040e-15	(-1.6106772650e-01 7.7951399919e-04 -3.3234951944e-02)	2	1.0134704019e+00	(9.6500009942e-02 4.2572289314e-02 1.4858471817e-01)	1
0.0007921442381   	omega             	1.8671543855e+00	(2.9762516631e-01 3.4658714611e-01 8.8011490736e-02)	2	1.6962368638e+07	(1.0291314320e-01 4.7269903838e-02 6.1879950920e-03)	3
0.0007921442381   	p                 	-1.8002747695e+01	(-1.2088770055e-01 8.7207269197e-02 -1.2343153712e-01)	2	1.7468510641e+01	(-1.1849999990e-01 4.9071988420e-02 1.7149999995e-01)	1
0.0008093900883   	mag(U)            	0.0000000000e+00	(-1.4000000060e-01 4.9258069922e-03 5.3000562546e-02)	0	5.6795540754e+00	(9.6492786747e-02 4.7489527196e-02 2.0149992850e-01)	1
0.0008093900883   	k                 	1.1574944338e-15	(-1.6106772650e-01 7.7951399919e-04 -3.3234951944e-02)	2	1.0124967365e+00	(9.6500009942e-02 4.2572289314e-02 1.4858471817e-01)	1
0.0008093900883   	omega             	1.8671545014e+00	(2.9762516631e-01 3.4658714611e-01 8.8011490736e-02)	2	1.6962368640e+07	(1.0291314320e-01 4.7269903838e-02 6.1879950920e-03)	3
0.0008093900883   	p                 	-1.8004820063e+01	(-1.2088770055e-01 8.7207269197e-02 -1.2343153712e-01)	2	1.7467303952e+01	(-1.1849999990e-01 4.9071988420e-02 1.7149999995e-01)	1
0.0008266296009   	mag(U)            	0.0000000000e+00	(-1.4000000060e-01 4.9258069922e-03 5.3000562546e-02)	0	5.6794700948e+00	(9.6492786747e-02 4.7489527196e-02 2.0149992850e-01)	1
0.0008266296009   	k                 	1.1637778307e-15	(-1.6106772650e-01 7.7951399919e-04 -3.3234951944e-02)	2	1.0115165301e+00	(9.6500009942e-02 4.2572289314e-02 1.4858471817e-01)	1
0.0008266296009   	omega             	1.8671546173e+00	(2.9762516631e-01 3.4658714611e-01 8.8011490736e-02)	2	1.6962368643e+07	(1.0291314320e-01 4.7269903838e-02 6.1879950920e-03)	3
0.0008266296009   	p                 	-1.8006933290e+01	(-1.2088770055e-01 8.7207269197e-02 -1.2343153712e-01)	2	1.7466562885e+01	(-1.1849999990e-01 4.9071988420e-02 1.7149999995e-01)	1
0.0008438629421   	mag(U)            	0.0000000000e+00	(-1.4000000060e-01 4.9258069922e-03 5.3000562546e-02)	0	5.6793790963e+00	(9.6492786747e-02 4.7489527196e-02 2.0149992850e-01)	1
0.0008438629421   	k                 	1.1701991299e-15	(-1.6106772650e-01 7.7951399919e-04 -3.3234951944e-02)	2	1.0105300717e+00	(9.6500009942e-02 4.2572289314e-02 1.4858471817e-01)	1
0.0008438629421   	omega             	1.8671547331e+00	(2.9762516631e-01 3.4658714611e-01 8.8011490736e-02)	2	1.6962368645e+07	(1.0291314320e-01 4.7269903838e-02 6.1879950920e-03)	3
0.0008438629421   	p                 	-1.8008979577e+01	(-1.2088770055e-01 8.7207269197e-02 -1.2343153712e-01)	2	1.7465550859e+01	(-1.1849999990e-01 4.9071988420e-02 1.7149999995e-01)	1
0.0008610902814   	mag(U)            	0.0000000000e+00	(-1.4000000060e-01 4.9258069922e-03 5.3000562546e-02)	0	5.6792811268e+00	(9.6492786747e-02 4.7489527196e-02 2.0149992850e-01)	1
0.0008610902814   	k                 	1.1767581206e-15	(-1.6106772650e-01 7.7951399919e-04 -3.3234951944e-02)	2	1.0095376061e+00	(9.6500009942e-02 4.2572289314e-02 1.4858471817e-01)	1
0.0008610902814   	omega             	1.8671548488e+00	(2.9762516631e-01 3.4658714611e-01 8.8011490736e-02)	2	1.6962368648e+07	(1.0291314320e-01 4.7269903838e-02 6.1879950920e-03)	3
0.0008610902814   	p                 	-1.8011224654e+01	(-1.2088770055e-01 8.7207269197e-02 -1.2343153712e-01)	2	1.7464652346e+01	(-1.1849999990e-01 4.9071988420e-02 1.7149999995e-01)	1
0.0008783117946   	mag(U)            	0.0000000000e+00	(-1.4000000060e-01 4.9258069922e-03 5.3000562546e-02)	0	5.6791761605e+00	(9.6492786747e-02 4.7489527196e-02 2.0149992850e-01)	1
0.0008783117946   	k                 	1.1834545667e-15	(-1.6106772650e-01 7.7951399919e-04 -3.3234951944e-02)	2	1.0085393777e+00	(9.6500009942e-02 4.2572289314e-02 1.4858471817e-01)	1
0.0008783117946   	omega             	1.8671549645e+00	(2.9762516631e-01 3.4658714611e-01 8.8011490736e-02)	2	1.6962368651e+07	(1.0291314320e-01 4.7269903838e-02 6.1879950920e-03)	3
0.0008783117946   	p                 	-1.8013630235e+01	(-1.2088770055e-01 8.7207269197e-02 -1.2343153712e-01)	2	1.7463843788e+01	(-1.1849999990e-01 4.9071988420e-02 1.7149999995e-01)	1
0.0008955276611   	mag(U)            	0.0000000000e+00	(-1.4000000060e-01 4.9258069922e-03 5.3000562546e-02)	0	5.6790641251e+00	(9.6492786747e-02 4.7489527196e-02 2.0149992850e-01)	1
0.0008955276611   	k                 	1.1902882375e-15	(-1.6106772650e-01 7.7951399919e-04 -3.3234951944e-02)	2	1.0075356408e+00	(9.6500009942e-02 4.2572289314e-02 1.4858471817e-01)	1
0.0008955276611   	omega             	1.8671550802e+00	(2.9762516631e-01 3.4658714611e-01 8.8011490736e-02)	2	1.6962368653e+07	(1.0291314320e-01 4.7269903838e-02 6.1879950920e-03)	3
0.0008955276611   	p                 	-1.8016190376e+01	(-1.2088770055e-01 8.7207269197e-02 -1.2343153712e-01)	2	1.7462949511e+01	(-1.1849999990e-01 4.9071988420e-02 1.7149999995e-01)	1
0.0009127380584   	mag(U)            	0.0000000000e+00	(-1.4000000060e-01 4.9258069922e-03 5.3000562546e-02)	0	5.6789457527e+00	(9.6492786747e-02 4.7489527196e-02 2.0149992850e-01)	1
0.0009127380584   	k                 	1.1972589821e-15	(-1.6106772650e-01 7.7951399919e-04 -3.3234951944e-02)	2	1.0065266688e+00	(9.6500009942e-02 4.2572289314e-02 1.4858471817e-01)	1
0.0009127380584   	omega             	1.8671551958e+00	(2.9762516631e-01 3.4658714611e-01 8.8011490736e-02)	2	1.6962368656e+07	(1.0291314320e-01 4.7269903838e-02 6.1879950920e-03)	3
0.0009127380584   	p                 	-1.8018959666e+01	(-1.2088770055e-01 8.7207269197e-02 -1.2343153712e-01)	2	1.7461478102e+01	(-1.1849999990e-01 4.9071988420e-02 1.7149999995e-01)	1
0.0009299431599   	mag(U)            	0.0000000000e+00	(-1.4000000060e-01 4.9258069922e-03 5.3000562546e-02)	0	5.6788204622e+00	(9.6492786747e-02 4.7489527196e-02 2.0149992850e-01)	1
0.0009299431599   	k                 	1.2043676243e-15	(-1.6106772650e-01 7.7951399919e-04 -3.3234951944e-02)	2	1.0055128348e+00	(9.6500009942e-02 4.2572289314e-02 1.4858471817e-01)	1
0.0009299431599   	omega             	1.8671553113e+00	(2.9762516631e-01 3.4658714611e-01 8.8011490736e-02)	2	1.6962368658e+07	(1.0291314320e-01 4.7269903838e-02 6.1879950920e-03)	3
0.0009299431599   	p                 	-1.8021898181e+01	(-1.2088770055e-01 8.7207269197e-02 -1.2343153712e-01)	2	1.7460670368e+01	(-1.1849999990e-01 4.9071988420e-02 1.7149999995e-01)	1
0.0009471431335   	mag(U)            	0.0000000000e+00	(-1.4000000060e-01 4.9258069922e-03 5.3000562546e-02)	0	5.6786879981e+00	(9.6492786747e-02 4.7489527196e-02 2.0149992850e-01)	1
0.0009471431335   	k                 	1.2116136072e-15	(-1.6106772650e-01 7.7951399919e-04 -3.3234951944e-02)	2	1.0044945795e+00	(9.6500009942e-02 4.2572289314e-02 1.4858471817e-01)	1
0.0009471431335   	omega             	1.8671554268e+00	(2.9762516631e-01 3.4658714611e-01 8.8011490736e-02)	2	1.6962368661e+07	(1.0291314320e-01 4.7269903838e-02 6.1879950920e-03)	3
0.0009471431335   	p                 	-1.8025094816e+01	(-1.2088770055e-01 8.7207269197e-02 -1.2343153712e-01)	2	1.7459682694e+01	(-1.1849999990e-01 4.9071988420e-02 1.7149999995e-01)	1
0.0009643381412   	mag(U)            	0.0000000000e+00	(-1.4000000060e-01 4.9258069922e-03 5.3000562546e-02)	0	5.6785484174e+00	(9.6492786747e-02 4.7489527196e-02 2.0149992850e-01)	1
0.0009643381412   	k                 	1.2189962636e-15	(-1.6106772650e-01 7.7951399919e-04 -3.3234951944e-02)	2	1.0034717496e+00	(9.6500009942e-02 4.2572289314e-02 1.4858471817e-01)	1
0.0009643381412   	omega             	1.8671555423e+00	(2.9762516631e-01 3.4658714611e-01 8.8011490736e-02)	2	1.6962368663e+07	(1.0291314320e-01 4.7269903838e-02 6.1879950920e-03)	3
0.0009643381412   	p                 	-1.8028506431e+01	(-1.2088770055e-01 8.7207269197e-02 -1.2343153712e-01)	2	1.7459024991e+01	(-1.1849999990e-01 4.9071988420e-02 1.7149999995e-01)	1
0.0009815283419   	mag(U)            	0.0000000000e+00	(-1.4000000060e-01 4.9258069922e-03 5.3000562546e-02)	0	5.6784018977e+00	(9.6492786747e-02 4.7489527196e-02 2.0149992850e-01)	1
0.0009815283419   	k                 	1.2265151681e-15	(-1.6106772650e-01 7.7951399919e-04 -3.3234951944e-02)	2	1.0024428545e+00	(9.6500009942e-02 4.2572289314e-02 1.4858471817e-01)	1
0.0009815283419   	omega             	1.8671556577e+00	(2.9762516631e-01 3.4658714611e-01 8.8011490736e-02)	2	1.6962368666e+07	(1.0291314320e-01 4.7269903838e-02 6.1879950920e-03)	3
0.0009815283419   	p                 	-1.8032170189e+01	(-1.2088770055e-01 8.7207269197e-02 -1.2343153712e-01)	2	1.7458197204e+01	(-1.1849999990e-01 4.9071988420e-02 1.7149999995e-01)	1
0.000998713892    	mag(U)            	0.0000000000e+00	(-1.4000000060e-01 4.9258069922e-03 5.3000562546e-02)	0	5.6782484857e+00	(9.6492786747e-02 4.7489527196e-02 2.0149992850e-01)	1
0.000998713892    	k                 	1.2341703025e-15	(-1.6106772650e-01 7.7951399919e-04 -3.3234951944e-02)	2	1.0014066237e+00	(9.6500009942e-02 4.2572289314e-02 1.4858471817e-01)	1
0.000998713892    	omega             	1.8671557731e+00	(2.9762516631e-01 3.4658714611e-01 8.8011490736e-02)	2	1.6962368668e+07	(1.0291314320e-01 4.7269903838e-02 6.1879950920e-03)	3
0.000998713892    	p                 	-1.8036043777e+01	(-1.2088770055e-01 8.7207269197e-02 -1.2343153712e-01)	2	1.7457282802e+01	(-1.1849999990e-01 4.9071988420e-02 1.7149999995e-01)	1
