# Probe 0 (-0.111 0.039 0.008)
# Probe 1 (-0.111 0.039 0.02)
# Probe 2 (-0.111 0.046 0.004)
# Probe 3 (-0.111 0.06 0.004)
# Probe 4 (-0.111 0.037 0.219)
# Probe 5 (-0.111 0.046 0.239)
# Probe 6 (-0.111 0.046 0.25)
# Probe 7 (0.07 0.039 0.008)
# Probe 8 (0.07 0.039 0.02)
# Probe 9 (0.07 0.046 0.004)
# Probe 10 (0.07 0.06 0.004)
# Probe 11 (0.07 0.037 0.219)
# Probe 12 (0.07 0.046 0.239)
# Probe 13 (0.07 0.046 0.25)
# Probe 14 (0.111 0.039 0.008)
# Probe 15 (0.111 0.039 0.02)
# Probe 16 (0.111 0.046 0.004)
# Probe 17 (0.111 0.06 0.004)
# Probe 18 (0.111 0.037 0.219)
# Probe 19 (0.111 0.046 0.239)
# Probe 20 (0.111 0.046 0.25)
# Probe 21 (0 0.25 0.1)
# Time            0                 1                 2                 3                 4                 5                 6                 7                 8                 9                 10                11                12                13                14                15                16                17                18                19                20                21               
1.42361397e-05    2.827146505       4.771140163       -0.8134694394     -0.4193869892     0.5480191107      -0.4339657955     -0.4047750711     0.2920632648      6.630660434       -0.9170603739     -0.1988895302     -1.311529226      -0.2245291097     -0.3683924563     3.503351809       5.870745632       -0.228491915      0.01697314812     1.388547658       -0.3793187195     -0.6705570783     0.1211025779     
3.021280672e-05   3.752641695       5.893770038       0.002460207233    -0.02028917081    1.37204121        0.04795893396     0.1207061329      0.2799395939      6.654080763       -0.7069231765     0.02854382893     -0.6463059533     -0.01581694517    0.02252386734     3.46218594        5.93880678        -0.1565991553     -0.007066746912   1.248134764       -0.04692019405    -0.02666617323    0.06996021502    
4.760630613e-05   3.713140607       5.848070914       -0.009046522151   -0.02450743523    1.238344828       0.1180330113      0.2361925682      0.2503954555      6.622714237       -0.7269684405     0.03331689635     -0.5465496018     -0.0199022307     0.08275106673     3.45043648        5.876021298       -0.1354180086     0.009449716203    1.041560382       -0.009780915546   0.05705896437     0.04799625892    
6.498408032e-05   3.640457975       5.756998346       -0.06536498804    -0.05451252871    1.155794061       0.1054209519      0.223106927       0.2044045594      6.57124614        -0.7636496876     -0.01485784978    -0.5629985134     -0.05351598018    0.05137980087     3.395307888       5.798905515       -0.1801941165     -0.03636290911    1.000033154       -0.01577833594    0.04100944989     0.03549565848    
8.235100186e-05   3.609729986       5.710064689       -0.09035359232    -0.07674179728    1.052441129       0.07042006484     0.189536942       0.1770443895      6.537727523       -0.7873866493     -0.05009515887    -0.6162995832     -0.09240373448    0.01352823243     3.362286956       5.747902658       -0.2096945695     -0.06509006355    0.9403066402      -0.0425773729     0.004229447912    0.02637131594    
9.971116817e-05   3.576159237       5.655915185       -0.1157628172     -0.09436146081    0.9583437993      0.03927122796     0.1590682992      0.1511247579      6.501302174       -0.8082744461     -0.07479424723    -0.6892987176     -0.1333817722     -0.03111580646    3.325095232       5.687852071       -0.2411066012     -0.08776392923    0.8532541473      -0.07600259757    -0.03610529274    0.02153279789    
0.0001170668082   3.558421319       5.624404022       -0.1285442023     -0.1032339742     0.8986827348      0.01927030919     0.1384739451      0.1451025754      6.486868805       -0.8110371902     -0.07918956805    -0.7318871526     -0.1540646771     -0.05323857881    3.310899435       5.656686001       -0.2528061875     -0.09454600001    0.7923427315      -0.09265871153    -0.05490226533    0.01867895303    
0.000134418889    3.552717585       5.610735537       -0.1317560462     -0.1064930407     0.8619479118      0.007840762284    0.1263526837      0.1450685223      6.482039321       -0.8100573622     -0.08040087536    -0.7546266227     -0.163810356      -0.06374061264    3.30667896        5.641724276       -0.2567962136     -0.09814584324    0.7545162326      -0.1004720481     -0.06503033409    0.01624783674    
0.0001517676584   3.550882874       5.603581893       -0.1318950991     -0.1077863438     0.8360308286      0.000761188819    0.1184420659      0.1455214594      6.479213697       -0.8094952905     -0.08126594031    -0.7699529378     -0.170599643      -0.07217704401    3.304482934       5.631154364       -0.2589382348     -0.1008385008     0.7267833055      -0.1052621103     -0.07202578707    0.01418331068    
0.0001691130021   3.551896106       5.601033741       -0.1297865022     -0.1077695793     0.817697751       -0.003348895976   0.1129008189      0.1474274579      6.479303879       -0.8076276172     -0.08138433504    -0.7793878124     -0.174083404      -0.0767355578     3.305034508       5.625419376       -0.2587538669     -0.1025850013     0.7073831303      -0.1067959972     -0.07561763285    0.01268932571    
0.0001864546559   3.551921341       5.598219535       -0.1285447841     -0.10791218       0.8018728451      -0.008346298983   0.1063684113      0.1483117374      6.478881997       -0.806925091      -0.08168842061    -0.7881133995     -0.1779840225     -0.08180787912    3.304943596       5.619971651       -0.2589959274     -0.1044971672     0.6917293681      -0.1079815268     -0.07891412882    0.01141539799    
0.000203792362    3.552139446       5.596276859       -0.1271897613     -0.1075969122     0.7893920133      -0.01226358567    0.1011088803      0.1493444339      6.478912007       -0.8060222559     -0.08137633261    -0.795825526      -0.1820566836     -0.08699875363    3.30547431        5.615974329       -0.2586690333     -0.1058249152     0.6786777075      -0.1094842898     -0.08314308871    0.01039133712    
0.0002211259607   3.552297318       5.59486978        -0.1259210033     -0.1072164684     0.7789929372      -0.014664351      0.09757490637     0.1501734282      6.478856719       -0.8052529296     -0.08109305009    -0.8027833334     -0.1849136174     -0.09067168009    3.306003702       5.612567002       -0.2583290559     -0.1070567614     0.669176386       -0.1098847888     -0.08621713952    0.009517155497   
0.0002384554205   3.552180609       5.593559973       -0.1248877287     -0.1069212346     0.7699432549      -0.0170764848     0.09424477689     0.1503326561      6.4783213         -0.8050386816     -0.08066805653    -0.8080232259     -0.1878307982     -0.09449094902    3.306242455       5.609423661       -0.2580361756     -0.1081307618     0.6616062032      -0.1100663477     -0.08922192924    0.008705527172   
0.0002557808549   3.552474635       5.592982137       -0.1234809722     -0.1063802859     0.7639707846      -0.01820197965    0.09198341883     0.1503961192      6.477868562       -0.8050837827     -0.08038962472    -0.8116227842     -0.1895419154     -0.09674342247    3.306673465       5.606660467       -0.2574202697     -0.1089873561     0.6558574056      -0.1098223178     -0.09127726089    0.008070487248   
0.0002731025371   3.552043613       5.591941429       -0.1226370543     -0.1059045318     0.7594916434      -0.01969158391    0.08988866588     0.1501988148      6.477212813       -0.8054061223     -0.08001473339    -0.8144572416     -0.1912013326     -0.09895129674    3.306822696       5.60402114        -0.2571770026     -0.1097709729     0.6512849121      -0.1091726063     -0.09363576309    0.007489787916   
0.0002904208275   3.551516133       5.591093582       -0.1219165391     -0.1054951046     0.7566957219      -0.01998189101    0.08868408222     0.1498831457      6.476584643       -0.8058257774     -0.07968188526    -0.8170998675     -0.1933303788     -0.1018502837     3.307109001       5.601725532       -0.2567795365     -0.1104558438     0.6471535451      -0.1087643176     -0.09612101454    0.006974497208   
0.0003077361327   3.550625989       5.590082685       -0.1214753475     -0.1051890077     0.7541031384      -0.02057713877    0.08693864535     0.149324171       6.475848694       -0.8065030203     -0.07940068964    -0.819219635      -0.1949987372     -0.1042453601     3.307225924       5.599477937       -0.256489557      -0.1111187939     0.6442931039      -0.1082610139     -0.09834569088    0.006528088331   
0.0003250488946   3.549941401       5.589404186       -0.1208562709     -0.1048145392     0.7523226437      -0.02096329421    0.085780536       0.1488566155      6.475367974       -0.8069413522     -0.07906548383    -0.8208109927     -0.1966412374     -0.1066168694     3.307583537       5.597668885       -0.2560544585     -0.1117146085     0.6424595262      -0.1073171414     -0.1004546367     0.006135985688   
0.0003423595694   3.549202823       5.588803181       -0.1203089228     -0.1045072488     0.7507790354      -0.02142795838    0.08444055894     0.1482720553      6.474853419       -0.8081106175     -0.07881661683    -0.8219766543     -0.1982909813     -0.1090331542     3.307838928       5.595912153       -0.2556924593     -0.1122215978     0.641192854       -0.1061860369     -0.1024972603     0.005753364453   
0.0003596685799   3.54812828        5.58792743        -0.1199464166     -0.104259985      0.7492207409      -0.02182707405    0.08306528784     0.1476939689      6.474451302       -0.8091110585     -0.07852307322    -0.8223779657     -0.1993947689     -0.1107880073     3.308243044       5.594445685       -0.255204732      -0.1126473928     0.640796052       -0.1045336244     -0.1039760936     0.0054363131     
0.0003769763083   3.547003412       5.587167581       -0.1196440317     -0.1040685928     0.7481403642      -0.02182930762    0.08189985083     0.1471094003      6.47416698        -0.810133569      -0.07820575113    -0.8224810792     -0.2002431269     -0.1123293579     3.308699091       5.593163855       -0.2547735372     -0.1130365279     0.6407911104      -0.1025838878     -0.1052515163     0.005160472164   
0.0003942830905   3.545619713       5.586101341       -0.1194903354     -0.1038761488     0.7469938247      -0.0221956038     0.08079845402     0.1462987286      6.473570112       -0.8112913038     -0.07792252852    -0.8224520061     -0.2011737245     -0.113965881      3.308916629       5.591706525       -0.2544714765     -0.1134697094     0.6409531303      -0.1006888138     -0.106509339      0.004909106121   
0.0004115892761   3.544513803       5.585578081       -0.1192185562     -0.1035695563     0.7463297138      -0.02190045597    0.07980203764     0.1456100533      6.473140522       -0.8123869521     -0.07766500853    -0.8222996838     -0.2018947888     -0.1152695789     3.309360962       5.590544102       -0.2540368168     -0.1138489621     0.6410470759      -0.09893502508    -0.1076368633     0.004696832508   
0.0004288952128   3.543261388       5.584872861       -0.1188410054     -0.1034326751     0.7456594281      -0.02244158602    0.07882813484     0.1448484499      6.472750793       -0.8138864956     -0.07741521652    -0.821777471      -0.2023198178     -0.1162972066     3.30978702        5.589454364       -0.2536157032     -0.114267664      0.6419101499      -0.0965637424     -0.1085625424     0.00447109715    
0.0004462012165   3.541694994       5.583887701       -0.1187507919     -0.1033863282     0.7452189018      -0.02211398139    0.07851345546     0.1440655322      6.472333151       -0.8146715713     -0.07720856297    -0.8212341087     -0.2028063135     -0.1173573213     3.310158507       5.588392571       -0.2532183071     -0.1145773696     0.6424762723      -0.09421580464    -0.1092796816     0.004279461531   
0.0004635075574   3.540350486       5.583306455       -0.1184780979     -0.1032377846     0.744654727       -0.02169640641    0.07772945999     0.1432152422      6.471862776       -0.8163249568     -0.07705327953    -0.8204081156     -0.2030221062     -0.1181138475     3.310494328       5.587336664       -0.2528642991     -0.11484964       0.6431377094      -0.09167212923    -0.1098607188     0.004111752345   
0.0004808144664   3.538915341       5.582618115       -0.1182453722     -0.1030894002     0.7446241247      -0.02089776134    0.07785509928     0.142158089       6.471229506       -0.8179170947     -0.07686704313    -0.8198371141     -0.2035743922     -0.1192827494     3.310771242       5.586252364       -0.252526078      -0.1151709811     0.643780141       -0.08934993131    -0.1108314413     0.003958884324   
0.0004981221232   3.537318826       5.581887368       -0.1181527736     -0.1029854722     0.7444878418      -0.02061016065    0.0772688829      0.141439936       6.471015958       -0.8192187203     -0.07656968298    -0.8191975508     -0.2039879077     -0.1202371932     3.311357934       5.585579431       -0.2519846942     -0.1154171134     0.6446556197      -0.08665005373    -0.1116119962     0.003811250198   
0.0005154307046   3.535657587       5.581031244       -0.1181376552     -0.1029151056     0.7438932455      -0.02060184425    0.07623952743     0.1405678572      6.470631345       -0.8206792138     -0.07633336006    -0.8185191495     -0.2043621156     -0.1211440209     3.311759976       5.584762445       -0.2516823867     -0.1155288057     0.6452391035      -0.0846776103     -0.1125879617     0.003653188669   
0.0005327403474   3.534112541       5.580394336       -0.1178964734     -0.1028432395     0.7435608656      -0.02028390573    0.07546854247     0.1397906394      6.470393651       -0.8221195425     -0.07615686193    -0.8176830128     -0.2045575944     -0.1218448315     3.312315033       5.584110185       -0.2512190906     -0.1157095509     0.6461384606      -0.08183299138    -0.1132678013     0.003524470342   
0.0005500511544   3.532504161       5.579711065       -0.1177015837     -0.1027597932     0.7430845553      -0.02002902425    0.07475676097     0.1388045024      6.469922794       -0.8237042755     -0.07598400774    -0.8169199467     -0.2048986094     -0.1226996149     3.312793178       5.583443931       -0.250811851      -0.1158872243     0.646780344       -0.07969513089    -0.114181504      0.003402406818   
0.0005673631974   3.530825687       5.579045488       -0.117598267      -0.1027175057     0.7428063913      -0.01967558786    0.07430089893     0.1379930688      6.469693784       -0.8252386302     -0.07583879837    -0.8162394644     -0.2051354328     -0.1233873628     3.313415354       5.582818774       -0.2503370684     -0.1160731521     0.6476618754      -0.07713773721    -0.1148839979     0.00329745389    
0.0005846765113   3.529044904       5.578305919       -0.1175008536     -0.1026841407     0.7424372823      -0.01980757017    0.07380552997     0.1370064606      6.46919541        -0.8270747202     -0.07560086915    -0.8154435131     -0.2053077628     -0.1239792742     3.313937678       5.582181031       -0.249925084      -0.1163740184     0.6483267867      -0.07483139723    -0.1158075852     0.003191087763   
0.0006019911017   3.527397313       5.57777017        -0.1173773599     -0.1026771905     0.7424469403      -0.01920748049    0.07357510619     0.1361591708      6.469013256       -0.8287671528     -0.0754465871     -0.8141339518     -0.2052007914     -0.1242941358     3.314666687       5.581865516       -0.2494105391     -0.116505978      0.6493314315      -0.07204045104    -0.116180007      0.003118736903   
0.0006193069512   3.525576103       5.577035191       -0.1173299516     -0.1026242097     0.7420081904      -0.01833695814    0.07307631669     0.1351252537      6.468518321       -0.8303196442     -0.07533413428    -0.813591941      -0.2053888764     -0.1248574017     3.315052124       5.581073869       -0.2491906238     -0.1165851694     0.650023965       -0.06946951902    -0.1167890427     0.003038696072   
0.0006366232668   3.523933005       5.576509069       -0.1171027443     -0.1025654214     0.7419962769      -0.01900947722    0.0728244632      0.1344176986      6.468353782       -0.8317847947     -0.07510824365    -0.8124094519     -0.2053408502     -0.1252289911     3.315835534       5.580829345       -0.2487245713     -0.1166653321     0.6510336038      -0.06680633196    -0.1170866702     0.002961771219   
0.0006539321231   3.522122149       5.575816275       -0.1169540584     -0.1026260145     0.7416881087      -0.01915589927    0.07249925407     0.1335165162      6.468005056       -0.8332992737     -0.07497589498    -0.8120730816     -0.2054440995     -0.1257704544     3.316429939       5.580370939       -0.2484166334     -0.1168021136     0.651859348       -0.06422886521    -0.1178112405     0.002893448096   
0.0006712335908   3.520319186       5.575202183       -0.1168601669     -0.1025716087     0.7414632725      -0.01869789118    0.07209637344     0.1326780932      6.467820746       -0.8349220358     -0.07484819314    -0.8108260015     -0.2053631088     -0.1261409603     3.317172862       5.58006776        -0.2479514138     -0.1169521139     0.6528485889      -0.06158871176    -0.1182253954     0.002826148431   
0.0006885277376   3.518542971       5.574630438       -0.1166927311     -0.1025735584     0.7414217966      -0.01810877707    0.07190203659     0.1317871332      6.467562207       -0.836536753      -0.07466392722    -0.8101497205     -0.2054111793     -0.1265862694     3.317788629       5.579664964       -0.2477734274     -0.1170413632     0.6536381763      -0.05916733942    -0.1188570358     0.002775766925   
0.0007058146424   3.516719495       5.574021595       -0.1165199217     -0.1025693736     0.741187256       -0.01774919216    0.0717629724      0.1309033123      6.467288547       -0.838218313      -0.07452460357    -0.8089760243     -0.2053344409     -0.1269060849     3.318397433       5.57925315        -0.2475777245     -0.1171664984     0.6543741564      -0.05641941515    -0.1195262885     0.00271558777    
0.0007230943975   3.514949847       5.573510449       -0.1163004767     -0.1025379455     0.7410688444      -0.01729370085    0.07164668591     0.129989062       6.466905104       -0.8396035008     -0.07440128564    -0.8079931818     -0.2053493966     -0.1272934331     3.319078019       5.578862616       -0.2471899999     -0.1173785417     0.6550638452      -0.05430080897    -0.1201477167     0.002660128782   
0.0007403671081   3.513190884       5.573024191       -0.1160435461     -0.1025379749     0.7410064876      -0.01718052627    0.07160798502     0.1288835265      6.46649843        -0.841139355      -0.07428138362    -0.8068485242     -0.2053344631     -0.1276906171     3.319764581       5.578486182       -0.2468983374     -0.117542335      0.6558044688      -0.05179386531    -0.1206858678     0.002615208847   
0.0007576328948   3.511294985       5.572392377       -0.1158908465     -0.1025871295     0.7408173659      -0.01717771913    0.07156534102     0.1281738817      6.466400532       -0.8425969343     -0.07405273328    -0.8059891767     -0.2053021021     -0.1280759669     3.320744298       5.578424405       -0.2464221042     -0.1176082357     0.6566199283      -0.04907464349    -0.1211690567     0.002574572788   
0.0007748918905   3.509377584       5.571752624       -0.1157772783     -0.1026171409     0.7405781463      -0.01740571219    0.07137671453     0.1272628683      6.46610673        -0.8442407013     -0.07389726697    -0.8048167445     -0.2052916478     -0.1284882201     3.321532872       5.578163628       -0.2461857778     -0.117694646      0.6573808733      -0.04582101544    -0.1216186034     0.002525712488   
0.0007921442381   3.507505738       5.571208286       -0.1156095996     -0.102654951      0.7402921393      -0.01711616919    0.07118507926     0.1263958673      6.465825229       -0.8457913918     -0.07376214809    -0.8041549243     -0.205260791      -0.1288640536     3.322171086       5.577936862       -0.246056432      -0.117834251      0.6580195204      -0.0442406831     -0.1222957855     0.002484642915   
0.0008093900883   3.505735913       5.570780891       -0.1152846577     -0.1026559785     0.7400472017      -0.01693435417    0.07109984999     0.1255112027      6.465556812       -0.8473618455     -0.07362321205    -0.8028737266     -0.2051707574     -0.1291943082     3.32287909        5.57774548        -0.2459023793     -0.1179405238     0.6586211661      -0.04131071011    -0.1228700482     0.002449013638   
0.0008266296009   3.503865217       5.570232029       -0.1150203806     -0.1027294791     0.7397483146      -0.01687520434    0.07087625354     0.1244454729      6.465124839       -0.8492273587     -0.07356201214    -0.8022800429     -0.2051228274     -0.1295390018     3.323495637       5.577350505       -0.2457773035     -0.1180996647     0.6592313877      -0.04001098363    -0.1234592856     0.002417469306   
0.0008438629421   3.501882757       5.569614307       -0.1148788708     -0.1028723454     0.7394259297      -0.0165756794     0.07076008972     0.1235218813      6.464775287       -0.8508023586     -0.07347634392    -0.8009530524     -0.2050506308     -0.1298615967     3.324205433       5.577110055       -0.2457385405     -0.118236661      0.6598223094      -0.03782726879    -0.1240423675     0.002386903413   
0.0008610902814   3.499990538       5.56911495        -0.1146765074     -0.10295056       0.739144679       -0.0164171465     0.07057285868     0.1224838345      6.464344045       -0.8525283652     -0.07339259388    -0.8006573452     -0.2050308183     -0.1301434893     3.324936789       5.576804044       -0.2455370357     -0.1184612101     0.6604146354      -0.0354441235     -0.1245473576     0.002355717991   
0.0008783117946   3.498057036       5.568542504       -0.1143915806     -0.1030872873     0.7388758913      -0.01618491383    0.07049111339     0.1217037383      6.464232342       -0.8540045505     -0.0731651153     -0.7993168428     -0.2049038477     -0.1304218354     3.325830737       5.576713785       -0.2452625827     -0.1185753592     0.6609410717      -0.03338938861    -0.125188308      0.002325499902   
0.0008955276611   3.496035306       5.567920464       -0.1142390768     -0.1031932327     0.7384964563      -0.01594526553    0.07038978578     0.1208943935      6.464020436       -0.8554122751     -0.0730388747     -0.7991841562     -0.204825801      -0.1306878414     3.326557857       5.576477671       -0.2453618759     -0.1186422605     0.6614066434      -0.03076204751    -0.1256288977     0.002297130051   
0.0009127380584   3.494072485       5.567341276       -0.1139473331     -0.1033249155     0.737920925       -0.01590636521    0.0701874243      0.1198109051      6.463569036       -0.8571801867     -0.07301460015    -0.7979447624     -0.2048201926     -0.1310329977     3.327213929       5.576099618       -0.2452776294     -0.1188614345     0.6617355095      -0.02889011617    -0.1262485585     0.002267101522   
0.0009299431599   3.49211847        5.56681126        -0.1137054952     -0.1034747371     0.7374512971      -0.01691206932    0.06998510764     0.1188189568      6.463235037       -0.8586908588     -0.07278230546    -0.7980322286     -0.204773938      -0.1313389898     3.327947527       5.57582521        -0.2452287793     -0.1189310696     0.6620881451      -0.0265802246     -0.1269134677     0.002245703039   
0.0009471431335   3.490141147       5.566280741       -0.1134732345     -0.103580101      0.7370704064      -0.01715236279    0.06979895069     0.1179228728      6.462984939       -0.8603148539     -0.07267093361    -0.7965974105     -0.2046921247     -0.1315682791     3.328809305       5.575678816       -0.2450337495     -0.1191815881     0.6624686551      -0.02474897728    -0.1275796458     0.002222802193   
0.0009643381412   3.488109125       5.565703112       -0.1132682283     -0.1036327277     0.7365867489      -0.01722230593    0.06967334217     0.1172730609      6.462838807       -0.8614551413     -0.07245680207    -0.7968075406     -0.2045752671     -0.131830974      3.329645212       5.575571212       -0.2449800583     -0.1192157524     0.6628656156      -0.02291672455    -0.128279286      0.002199756297   
0.0009815283419   3.486181599       5.565203396       -0.1128975542     -0.1037242616     0.7360657303      -0.01712585429    0.06952793911     0.1164469513      6.462594652       -0.8628550412     -0.07226461847    -0.7953132592     -0.2045455752     -0.1321331551     3.330444236       5.575380747       -0.2448878572     -0.1193010868     0.6631340129      -0.02119108387    -0.1289578885     0.002178941797   
0.000998713892    3.484233818       5.564680129       -0.112560587      -0.1037890436     0.7354288893      -0.01730474665    0.06931734573     0.1155468543      6.462131798       -0.8642494044     -0.07214731471    -0.7957720859     -0.204484825      -0.1324497697     3.33113921        5.575128577       -0.2448931826     -0.1194664312     0.6634205962      -0.01958264314    -0.129663266      0.002163041694   
