# Probe 0 (-0.111 0.039 0.008)
# Probe 1 (-0.111 0.039 0.02)
# Probe 2 (-0.111 0.046 0.004)
# Probe 3 (-0.111 0.06 0.004)
# Probe 4 (-0.111 0.037 0.219)
# Probe 5 (-0.111 0.046 0.239)
# Probe 6 (-0.111 0.046 0.25)
# Probe 7 (0.07 0.039 0.008)
# Probe 8 (0.07 0.039 0.02)
# Probe 9 (0.07 0.046 0.004)
# Probe 10 (0.07 0.06 0.004)
# Probe 11 (0.07 0.037 0.219)
# Probe 12 (0.07 0.046 0.239)
# Probe 13 (0.07 0.046 0.25)
# Probe 14 (0.111 0.039 0.008)
# Probe 15 (0.111 0.039 0.02)
# Probe 16 (0.111 0.046 0.004)
# Probe 17 (0.111 0.06 0.004)
# Probe 18 (0.111 0.037 0.219)
# Probe 19 (0.111 0.046 0.239)
# Probe 20 (0.111 0.046 0.25)
# Probe 21 (0 0.25 0.1)
# Time            0                 1                 2                 3                 4                 5                 6                 7                 8                 9                 10                11                12                13                14                15                16                17                18                19                20                21               
1.42361397e-05    (0.7398418198 1.579928227 0.9170608692) (0.3230949528 -0.228841959 0.8207851054) (0.6161981557 1.820638333 -2.511260019) (0.1264026777 -0.08682056185 -0.2077829857) (-0.5997882389 0.2011428976 3.602288621) (0.5989589355 0.8822582618 1.675134533) (0.4428380475 0.5142451453 2.253400941) (0.06659422517 1.102830134 1.324586695) (0.08481669388 -0.07182467933 1.043857926) (0.01187388451 1.561899041 -2.119246271) (-0.1979653268 -0.02012578877 -0.2529821001) (0.05341778364 0.1452100491 3.786901737) (-0.6817254011 0.9243976635 1.494237774) (-0.3921844481 0.8823717764 2.566778503) (-0.4214308418 2.120027587 1.605503026) (-0.001776070537 -0.150880152 1.043483266) (-0.1697295695 1.341441395 -2.043384381) (-0.09084811293 -0.122330507 -0.1942035097) (0.6284751714 0.2211565422 3.477158571) (-0.9073619954 0.6958741175 1.647838605) (-0.6751110633 0.3825996817 2.043307409) (-0.002802674796 -0.01343308569 0.1317618728)
3.021280672e-05   (0.7400939065 1.580228901 0.9167160621) (0.3230296271 -0.2287534347 0.8206903335) (0.615532632 1.820793441 -2.510253886) (0.1263437079 -0.08685323908 -0.2077698381) (-0.5997500195 0.2052857921 3.605157223) (0.5996388739 0.8813519152 1.675644389) (0.4428427698 0.5136723766 2.252976757) (0.06704051458 1.104357106 1.325343522) (0.08462925437 -0.07175806578 1.043679603) (0.01101433788 1.563019452 -2.119787197) (-0.1979738701 -0.02013771837 -0.2529501945) (0.05021735629 0.1514820317 3.788097975) (-0.6815673311 0.9244622148 1.494059388) (-0.3923096376 0.8820247149 2.566071123) (-0.4217438663 2.119962534 1.603180477) (-0.001926371389 -0.1504740809 1.043044687) (-0.1694148138 1.340195814 -2.040569959) (-0.09084819019 -0.1223833604 -0.1941192415) (0.6285634319 0.2250118998 3.480409833) (-0.9080621855 0.695614407 1.650073249) (-0.6758384061 0.3823087001 2.043135713) (-0.00280324578 -0.01341089069 0.1317615097)
4.760630613e-05   (0.7403294852 1.580567496 0.9163161505) (0.3229651036 -0.2286378855 0.820515093) (0.6148047102 1.821006386 -2.509174265) (0.1262805645 -0.08684440508 -0.2077092757) (-0.5995219102 0.2083103752 3.60686811) (0.6004743601 0.8804085007 1.676115523) (0.4429131128 0.513189651 2.252517357) (0.06752571379 1.105914869 1.326195673) (0.08438018436 -0.07159105294 1.043497537) (0.01019327335 1.564075413 -2.120157923) (-0.1979433088 -0.0201395737 -0.2529323545) (0.04824173964 0.1557950486 3.789727036) (-0.6813900358 0.924444222 1.493685039) (-0.3923986781 0.8816802007 2.565225912) (-0.4220855205 2.119821938 1.600647935) (-0.002098620657 -0.1500843825 1.042576299) (-0.1690792731 1.338759001 -2.037517153) (-0.09086697557 -0.1223893743 -0.194016556) (0.6285264361 0.22783477 3.482451955) (-0.9088940896 0.695310898 1.652344601) (-0.6767058893 0.382078419 2.042804422) (-0.002801364678 -0.01339720994 0.1317599436)
6.498408032e-05   (0.7405249996 1.580901781 0.9159373392) (0.3228977014 -0.2285236336 0.8203284457) (0.614096092 1.821248566 -2.508064361) (0.1262294002 -0.08682429389 -0.2076440579) (-0.5992953408 0.2100098598 3.607872979) (0.6013582892 0.879508243 1.676566134) (0.4430093074 0.5128275455 2.252071452) (0.06801101069 1.107398533 1.327081713) (0.08413085545 -0.07144838951 1.043322292) (0.009430196184 1.565009396 -2.120391257) (-0.1979033112 -0.02012976151 -0.2529151985) (0.04710693978 0.1586858602 3.791171554) (-0.6812349316 0.9244112882 1.493248917) (-0.3924810996 0.8813691602 2.564347031) (-0.4224232193 2.119652552 1.598112411) (-0.002268028386 -0.1497466781 1.042140135) (-0.1687483242 1.337322692 -2.03449063) (-0.0908937666 -0.1223748113 -0.1939194069) (0.6284768824 0.2294723325 3.483720971) (-0.9097403242 0.6950288228 1.654591156) (-0.6776013775 0.3819432105 2.04243402) (-0.002798332442 -0.01338840481 0.1317586743)
8.235100186e-05   (0.7406788216 1.581237226 0.915591634) (0.3228256761 -0.2284146977 0.8201508555) (0.6134135157 1.821520253 -2.506928238) (0.126188026 -0.08680082611 -0.2075812914) (-0.5991115327 0.2109315731 3.608512467) (0.6022672361 0.8786268424 1.677021709) (0.4431155124 0.5125384351 2.251632114) (0.06849948277 1.108829624 1.328001468) (0.08389471479 -0.07135479713 1.043155749) (0.008697675946 1.565854653 -2.120530732) (-0.1978649774 -0.02011083149 -0.252893823) (0.04634259281 0.1609254652 3.792384519) (-0.6811030297 0.9243776747 1.492796794) (-0.3925672153 0.8810784035 2.563447865) (-0.4227577233 2.119478399 1.595570097) (-0.002432269941 -0.1494487568 1.041738241) (-0.1684216776 1.335915168 -2.031496871) (-0.09092321075 -0.122353709 -0.1938283054) (0.6284476215 0.230398915 3.48461126) (-0.9105788929 0.694761474 1.656864335) (-0.6785036079 0.3818714743 2.04205894) (-0.002795078626 -0.01338206575 0.1317579908)
9.971116817e-05   (0.7407873248 1.58157487 0.9152851374) (0.322745681 -0.2283131968 0.8199943188) (0.6127556021 1.821813931 -2.505768771) (0.1261526868 -0.08677793825 -0.2075234074) (-0.5989781738 0.2114589347 3.608889083) (0.6031948516 0.8777457341 1.67749126) (0.4432274417 0.5122887421 2.251195483) (0.06899371327 1.110218401 1.328956086) (0.08367124888 -0.07130699005 1.043004626) (0.00798824214 1.566633709 -2.120603851) (-0.1978304942 -0.02008685699 -0.252871461) (0.04584777364 0.16278724 3.793323527) (-0.6809887161 0.9243421599 1.49234513) (-0.3926585686 0.8807989062 2.562542173) (-0.4230878095 2.11930731 1.593023446) (-0.002588843943 -0.1491832675 1.041376316) (-0.1680961361 1.33453563 -2.028536232) (-0.09095238513 -0.1223326717 -0.1937441525) (0.6284362538 0.2309543681 3.485228544) (-0.9114054082 0.694493055 1.659174689) (-0.6794068317 0.3818374983 2.041691554) (-0.002791965036 -0.01337696432 0.1317577244)
0.0001170668082   (0.7408485579 1.581917589 0.915013679) (0.3226579976 -0.2282183443 0.8198567226) (0.6121214142 1.822126505 -2.504591193) (0.1261204393 -0.08675633279 -0.2074700397) (-0.5988714955 0.2117650209 3.609101616) (0.6041390079 0.8768577014 1.677979765) (0.4433413853 0.5120644802 2.250759927) (0.06949417305 1.111571504 1.329941942) (0.08345502825 -0.07129366557 1.04286981) (0.00729935964 1.567358954 -2.120625456) (-0.1977987921 -0.0200601328 -0.2528501606) (0.04557812476 0.1643557657 3.79401071) (-0.6808862944 0.9243026352 1.491896826) (-0.3927541914 0.8805240694 2.561632347) (-0.4234143933 2.119145264 1.590468696) (-0.00273923169 -0.148943333 1.041049265) (-0.1677706663 1.333181586 -2.025611914) (-0.09098028787 -0.1223129366 -0.1936658822) (0.6284425938 0.2312962517 3.485660375) (-0.912218804 0.6942135355 1.661521277) (-0.6803064746 0.3818250891 2.041327718) (-0.00278907864 -0.01337256737 0.1317576474)
0.000134418889    (0.7408619894 1.58226795 0.9147701874) (0.3225647591 -0.2281278198 0.8197311847) (0.6115108348 1.822455514 -2.503401378) (0.126090152 -0.08673521883 -0.2074191799) (-0.5987723373 0.2119254921 3.609220993) (0.6051019146 0.8759593549 1.678489111) (0.4434572096 0.5118596492 2.250324638) (0.07000077252 1.112894215 1.330952058) (0.08324296683 -0.07130291245 1.042748339) (0.006620344182 1.568039927 -2.120606903) (-0.197768982 -0.02003135141 -0.2528297745) (0.04543975946 0.1656991771 3.794573103) (-0.6807912678 0.9242605574 1.491452467) (-0.3928518611 0.8802517338 2.560717939) (-0.4237386946 2.118996215 1.587900129) (-0.002886055439 -0.1487228505 1.040747942) (-0.1674447984 1.331850558 -2.022727227) (-0.09100673524 -0.1222939448 -0.1935915594) (0.6284565013 0.2314904333 3.485991788) (-0.9130200348 0.6939200925 1.663903349) (-0.68120133 0.3818282702 2.040965915) (-0.002786448321 -0.0133686504 0.1317576644)
0.0001517676584   (0.7408271466 1.582627467 0.9145494345) (0.3224675094 -0.2280400589 0.8196130201) (0.6109241144 1.822798613 -2.502202548) (0.1260610308 -0.0867140669 -0.2073696908) (-0.598672876 0.2119846486 3.609289551) (0.6060857472 0.875047859 1.679019968) (0.4435738015 0.5116702473 2.249889848) (0.07051314505 1.114189706 1.3319806) (0.08303628974 -0.0713217032 1.042638229) (0.005950645037 1.568688677 -2.120560576) (-0.1977405917 -0.02000072614 -0.2528094209) (0.04539188596 0.1668567028 3.795040418) (-0.6807011705 0.9242180042 1.49101262) (-0.392950367 0.8799823642 2.559800367) (-0.4240615383 2.118861744 1.585314494) (-0.003030822476 -0.1485178529 1.040466386) (-0.1671183684 1.330539296 -2.019882616) (-0.09103208234 -0.1222753087 -0.193519809) (0.6284709997 0.2315782852 3.486275025) (-0.9138096487 0.693612313 1.666320024) (-0.6820913006 0.3818456907 2.040605444) (-0.002784072574 -0.01336508624 0.1317577405)
0.0001691130021   (0.7407434375 1.582997167 0.9143475667) (0.3223673658 -0.2279541282 0.8194993465) (0.6103614411 1.823153584 -2.500997511) (0.1260326297 -0.08669251668 -0.2073207923) (-0.598571768 0.2119754988 3.609331333) (0.6070932711 0.8741210517 1.679572538) (0.4436912292 0.5114938584 2.249457156) (0.07103075399 1.115460282 1.333023387) (0.08283402828 -0.07133988847 1.042537584) (0.005293244283 1.569313271 -2.120492388) (-0.1977132785 -0.01996822502 -0.2527882569) (0.04540356106 0.167856704 3.79544345) (-0.6806146481 0.9241758561 1.49057677) (-0.3930492897 0.8797158092 2.55887957) (-0.4243836039 2.11874281 1.58270969) (-0.00317414311 -0.1483254284 1.040200118) (-0.1667912729 1.329245862 -2.017078437) (-0.09105683242 -0.1222566363 -0.193449707) (0.6284843706 0.2315965592 3.486538683) (-0.9145871686 0.6932897249 1.668770792) (-0.6829761152 0.3818761843 2.040245233) (-0.002781910763 -0.01336178628 0.1317578721)
0.0001864546559   (0.7406101575 1.583377437 0.9141621441) (0.3222650332 -0.2278695544 0.8193889504) (0.6098234369 1.823518323 -2.499787847) (0.1260047079 -0.0866705798 -0.2072722518) (-0.5984685157 0.2119220573 3.609359883) (0.608126905 0.8731755196 1.680146596) (0.4438091831 0.5113285291 2.249027298) (0.07155316952 1.116707477 1.334077899) (0.08263440204 -0.07135469887 1.042444877) (0.004649167547 1.569916239 -2.12040383) (-0.1976866884 -0.01993396954 -0.2527660515) (0.04546019671 0.1687258765 3.795794331) (-0.68053117 0.9241339375 1.490144689) (-0.3931487213 0.879451363 2.557955782) (-0.4247052368 2.118639701 1.580084967) (-0.0033162343 -0.1481434074 1.039946236) (-0.1664634705 1.327968715 -2.014314282) (-0.09108127182 -0.1222377762 -0.1933807928) (0.6284959565 0.2315470962 3.486784505) (-0.9153542427 0.6929510642 1.671255449) (-0.6838556311 0.3819184601 2.039884903) (-0.00277992421 -0.01335870121 0.1317580547)
0.000203792362    (0.7404266924 1.583768589 0.9139912588) (0.3221610138 -0.2277860385 0.8192810535) (0.6093105112 1.823889841 -2.498574937) (0.1259771342 -0.08664834712 -0.2072239741) (-0.5983624418 0.2118353135 3.609380253) (0.6091886484 0.8722078326 1.680741713) (0.4439277338 0.5111731219 2.248600086) (0.07208009209 1.117932596 1.335142447) (0.0824360702 -0.07136791579 1.0423587) (0.004017906719 1.570500064 -2.120296869) (-0.197660499 -0.0198981637 -0.2527429132) (0.04555191645 0.1694850423 3.796101789) (-0.6804502865 0.9240916672 1.489716146) (-0.3932486476 0.8791880495 2.557029235) (-0.4250267205 2.118552525 1.577439967) (-0.003457310832 -0.147969933 1.039702436) (-0.166134865 1.326706828 -2.011590156) (-0.09110551193 -0.1222190644 -0.1933128911) (0.6285058721 0.2314517687 3.487020252) (-0.9161117899 0.6925944904 1.673774327) (-0.6847301151 0.3819705552 2.039524802) (-0.002778093514 -0.01335579294 0.131758279)
0.0002211259607   (0.7401923625 1.584170896 0.9138333485) (0.3220557007 -0.2277032978 0.8191750136) (0.6088226435 1.824265108 -2.497359798) (0.1259496184 -0.08662582847 -0.2071757049) (-0.59825077 0.2117264256 3.609390209) (0.6102814848 0.8712173733 1.681358768) (0.4440468534 0.5110269581 2.248174648) (0.07261140418 1.119136494 1.336215594) (0.08223818674 -0.07138275 1.04227799) (0.003397980575 1.571067947 -2.120174204) (-0.1976344195 -0.01986092203 -0.2527189519) (0.04567022251 0.1701528283 3.796369515) (-0.6803716924 0.9240490475 1.489290727) (-0.3933491868 0.878925563 2.556099653) (-0.4253481977 2.118481262 1.574774693) (-0.003597335151 -0.1478039667 1.039467292) (-0.1658054258 1.325459545 -2.008906047) (-0.09112961949 -0.1222005424 -0.1932458119) (0.6285142869 0.2313386324 3.487257132) (-0.9168609763 0.6922186656 1.6763272) (-0.6855992746 0.3820316249 2.039165008) (-0.002776399974 -0.01335303292 0.1317585383)
0.0002384554205   (0.7399066175 1.584584434 0.9136871359) (0.3219494521 -0.2276210888 0.8190704519) (0.6083599806 1.824641731 -2.496143424) (0.1259221691 -0.08660316982 -0.2071274882) (-0.5981362994 0.2116115214 3.609393457) (0.6114085181 0.8702024919 1.681997628) (0.4441666536 0.510888994 2.247750363) (0.07314683695 1.120320209 1.337296068) (0.0820405143 -0.07140168026 1.042201744) (0.002786806215 1.571622672 -2.120037517) (-0.1976082733 -0.01982250001 -0.2526943608) (0.04580395583 0.1707420257 3.796611242) (-0.680295314 0.9240061313 1.488868284) (-0.3934505859 0.8786637159 2.555167086) (-0.4256698053 2.118425902 1.572089549) (-0.00373647787 -0.1476446536 1.039239704) (-0.1654752787 1.324226318 -2.006261273) (-0.09115370954 -0.1221821534 -0.193179444) (0.6285217381 0.2312282055 3.487502831) (-0.917602646 0.691822663 1.678914317) (-0.6864628107 0.3821011734 2.038805411) (-0.002774829882 -0.01335040869 0.1317588256)
0.0002557808549   (0.7395689804 1.585009343 0.9135515791) (0.3218425627 -0.2275392396 0.8189671209) (0.6079227814 1.825017727 -2.494926803) (0.1258948414 -0.08658031828 -0.2070791365) (-0.5980210151 0.2115032429 3.609399032) (0.6125730625 0.8691624378 1.682659323) (0.4442868304 0.5107582948 2.247326878) (0.07368622668 1.121484734 1.338382571) (0.08184319334 -0.07142597306 1.042129202) (0.002186763298 1.572166735 -2.119888093) (-0.1975820649 -0.01978298005 -0.2526693501) (0.04594792106 0.1712630141 3.796834184) (-0.6802210672 0.9239629526 1.488448471) (-0.3935529976 0.8784022065 2.554231051) (-0.4259916314 2.118385861 1.569384958) (-0.003874786358 -0.1474910126 1.039018543) (-0.1651445418 1.323007093 -2.003655413) (-0.09117781393 -0.1221638632 -0.1931136709) (0.6285284921 0.2311314947 3.487758407) (-0.9183411404 0.6914025973 1.681534424) (-0.6873208703 0.3821782008 2.038445557) (-0.002773374346 -0.01334789785 0.1317591352)
0.0002731025371   (0.7391789565 1.585445717 0.9134257208) (0.3217352818 -0.2274575652 0.8188648469) (0.6075111507 1.825391095 -2.493710742) (0.1258676487 -0.08655740988 -0.2070307538) (-0.5979060037 0.211408946 3.609413698) (0.6137753527 0.8680892176 1.683343377) (0.444407265 0.5106338785 2.246903952) (0.07422915029 1.12263084 1.339473999) (0.08164647999 -0.07145572049 1.042059883) (0.001603872186 1.572701911 -2.119726791) (-0.1975556848 -0.01974245296 -0.2526440205) (0.04609957464 0.171723756 3.797042419) (-0.6801487852 0.9239193704 1.488031151) (-0.3936564957 0.8781405777 2.553291389) (-0.4263137877 2.118360914 1.566661439) (-0.004012425328 -0.1473423619 1.038803107) (-0.1648136538 1.321802181 -2.00108823) (-0.09120198294 -0.1221456971 -0.1930483087) (0.6285347048 0.2310481418 3.488023959) (-0.9190765391 0.6909582256 1.684187964) (-0.6881733907 0.3822615996 2.038085385) (-0.002772021574 -0.01334548781 0.1317594579)
0.0002904208275   (0.7387360285 1.585893679 0.9133087188) (0.3216276285 -0.2273762176 0.8187634803) (0.6071248991 1.825760335 -2.49249654) (0.1258405194 -0.08653448696 -0.2069823555) (-0.5977917347 0.2113293567 3.609440727) (0.6150186726 0.8669841504 1.68405058) (0.4445279374 0.5105150735 2.246481165) (0.07477612269 1.123759176 1.34056951) (0.08145046524 -0.07149030697 1.041993264) (0.001032674831 1.573229938 -2.11955563) (-0.1975290919 -0.01970098302 -0.2526184424) (0.04625642544 0.1721315436 3.797239195) (-0.6800783531 0.9238752698 1.487616432) (-0.393761323 0.8778783679 2.55234832) (-0.426636395 2.118350374 1.563919514) (-0.004149591996 -0.1471979483 1.038592506) (-0.1644830768 1.320612013 -1.998559794) (-0.09122623549 -0.1221276701 -0.1929832789) (0.6285405835 0.2309759042 3.48829737) (-0.9198098171 0.690488973 1.686875507) (-0.6890209221 0.3823533802 2.037725544) (-0.002770763673 -0.01334316942 0.131759791)
0.0003077361327   (0.7382398022 1.586353247 0.9131997959) (0.3215195043 -0.2272955549 0.81866297) (0.6067638279 1.826124334 -2.49128477) (0.1258135021 -0.08651162448 -0.2069339888) (-0.5976781761 0.2112619725 3.609480301) (0.6163060341 0.8658465085 1.684781958) (0.4446489523 0.5104010678 2.246058673) (0.07532650289 1.124870552 1.341667928) (0.08125520834 -0.07152877059 1.041929099) (0.000471410393 1.573751904 -2.11937434) (-0.1975022914 -0.01965858395 -0.2525926705) (0.04641656887 0.172492293 3.797426618) (-0.6800097053 0.9238305552 1.487204274) (-0.3938676311 0.8776152305 2.551401679) (-0.4269594449 2.1183537 1.561159947) (-0.004286298473 -0.14705722 1.038386009) (-0.164153232 1.319436766 -1.996070021) (-0.09125058178 -0.1221098496 -0.1929186041) (0.6285469825 0.2309107966 3.488577789) (-0.9205438727 0.6899894956 1.689596544) (-0.6898631208 0.3824517236 2.037365829) (-0.002769593025 -0.01334093515 0.1317601321)
0.0003250488946   (0.7376899308 1.58682447 0.913098236) (0.3214111569 -0.2272152774 0.8185631718) (0.606427607 1.826482351 -2.490076275) (0.1257865411 -0.08648890757 -0.2068857691) (-0.5975650862 0.211204019 3.609530584) (0.6176419308 0.8646746261 1.685537095) (0.4447702796 0.5102912819 2.245636494) (0.07587993219 1.12596587 1.342768393) (0.08106080064 -0.07157010262 1.041867194) (-7.684205398e-05 1.574267378 -2.119180623) (-0.1974753091 -0.0196152817 -0.2525666857) (0.04657811462 0.1728111106 3.797606406) (-0.6799429797 0.9237851546 1.486794658) (-0.3939755103 0.8773509432 2.55045147) (-0.4272829793 2.118370379 1.558383553) (-0.004422693524 -0.14691961 1.038183335) (-0.1638248068 1.318276556 -1.993619474) (-0.09127504409 -0.1220922076 -0.1928542555) (0.6285539514 0.2308500065 3.488865137) (-0.9212802958 0.6894590306 1.692351004) (-0.6906999616 0.3825555088 2.037006054) (-0.002768501739 -0.01333877603 0.1317604775)
0.0003423595694   (0.737086216 1.587307495 0.9130034219) (0.3213027675 -0.2271352294 0.8184640058) (0.6061158667 1.82683385 -2.488871635) (0.1257596715 -0.08646630885 -0.2068376274) (-0.5974520191 0.2111542014 3.609589266) (0.619028065 0.8634661894 1.686315876) (0.4448919255 0.510185246 2.24521468) (0.07643615845 1.127045705 1.343870419) (0.08086727521 -0.07161359401 1.041807407) (-0.0006220842679 1.574780155 -2.118979705) (-0.1974482037 -0.01957116536 -0.2525405695) (0.04673977388 0.1730924906 3.797780159) (-0.6798781864 0.9237391103 1.486387561) (-0.3940851244 0.8770853588 2.549497713) (-0.4276069747 2.118399717 1.555591276) (-0.00455890246 -0.1467847027 1.037984125) (-0.1634981458 1.317131315 -1.991208561) (-0.09129969897 -0.1220747455 -0.1927901339) (0.6285616255 0.2307928623 3.489159321) (-0.9220210145 0.6888965227 1.695138456) (-0.6915314948 0.3826643203 2.036646254) (-0.002767480096 -0.01333669059 0.1317608279)
0.0003596685799   (0.736428428 1.587802369 0.9129148087) (0.321194398 -0.2270553651 0.8183654694) (0.6058279705 1.827178231 -2.48767153) (0.1257328137 -0.08644390303 -0.2067895311) (-0.5973382075 0.2111123056 3.60965443) (0.6204658226 0.862219526 1.687118987) (0.4450140708 0.5100822748 2.244793118) (0.07699499914 1.128110673 1.344973487) (0.08067443943 -0.07165890528 1.041749539) (-0.001159657834 1.575290578 -2.118770108) (-0.197420958 -0.01952631284 -0.2525143931) (0.04690035943 0.1733403302 3.797949364) (-0.6798153481 0.9236923183 1.485982832) (-0.3941965946 0.8768183069 2.548540317) (-0.4279313718 2.118440942 1.552784193) (-0.004694992746 -0.1466522057 1.037788059) (-0.163173778 1.316001543 -1.98883788) (-0.09132448626 -0.1220574496 -0.1927262238) (0.6285696956 0.230739889 3.489459963) (-0.9227674493 0.688301484 1.697958533) (-0.6923577379 0.3827779292 2.036286316) (-0.002766524564 -0.01333467107 0.131761183)
0.0003769763083   (0.7357164164 1.588309149 0.9128317783) (0.321086103 -0.2269756412 0.8182674931) (0.6055633917 1.827515222 -2.486476402) (0.1257059245 -0.08642167146 -0.2067414397) (-0.597223503 0.2110792648 3.609724692) (0.6219554505 0.8609332409 1.687947262) (0.4451366004 0.5099820247 2.244371746) (0.07755619454 1.129161433 1.346077111) (0.08048201819 -0.07170601833 1.041693268) (-0.001688804372 1.575799097 -2.118551363) (-0.1973935081 -0.01948074337 -0.2524881815) (0.04705937952 0.1735606372 3.798113651) (-0.679754238 0.9236449735 1.485580455) (-0.3943099748 0.876549756 2.547579261) (-0.4282561378 2.118493225 1.549963441) (-0.004831042918 -0.1465218023 1.037594831) (-0.1628520183 1.314887563 -1.986507815) (-0.09134951001 -0.1220404063 -0.1926625671) (0.6285778473 0.2306917159 3.489766612) (-0.9235202754 0.6876726512 1.700811276) (-0.6931786912 0.3828959031 2.035926086) (-0.00276563044 -0.01333271226 0.1317615438)
0.0003942830905   (0.7349501555 1.588827818 0.9127539432) (0.3209778979 -0.2268960879 0.818170199) (0.6053217068 1.82784434 -2.485287001) (0.1256790755 -0.08639961484 -0.2066934102) (-0.5971081624 0.2110561528 3.60979865) (0.6235012087 0.8596050464 1.688801452) (0.4452594585 0.5098842218 2.243950446) (0.07811962968 1.130198389 1.347180953) (0.08029005721 -0.07175467964 1.041638562) (-0.002210254088 1.576306108 -2.118323409) (-0.1973658599 -0.01943447137 -0.2524619987) (0.0472157077 0.1737566083 3.79827386) (-0.6796948067 0.9235971571 1.48518037) (-0.3944254668 0.876279667 2.546614517) (-0.4285813292 2.11855551 1.547130329) (-0.004967070612 -0.1463932306 1.037404217) (-0.1625338271 1.313789412 -1.984218598) (-0.09137473965 -0.1220236819 -0.1925992066) (0.6285862243 0.2306487597 3.490078697) (-0.9242816418 0.6870087493 1.703695989) (-0.6939944603 0.3830181604 2.035565555) (-0.002764792518 -0.01333080818 0.1317619088)
0.0004115892761   (0.7341297748 1.58935867 0.9126806999) (0.3208698422 -0.226816659 0.8180734385) (0.6051026801 1.82816515 -2.484104154) (0.1256523262 -0.08637774229 -0.2066452435) (-0.5969924821 0.211043912 3.609875398) (0.6251027258 0.8582341596 1.689685278) (0.4453825805 0.5097886667 2.243529199) (0.078685019 1.131221913 1.348284363) (0.08009866303 -0.07180465057 1.041585397) (-0.002724186476 1.576811247 -2.118086411) (-0.1973379814 -0.01938755185 -0.2524358617) (0.04736816875 0.1739309192 3.798431167) (-0.6796370372 0.9235487431 1.484782424) (-0.3945430684 0.8760079247 2.545645929) (-0.4289068717 2.118626753 1.544286206) (-0.005103155414 -0.1462662015 1.037215959) (-0.1622199715 1.312707157 -1.98197068) (-0.09140015606 -0.122007242 -0.1925361098) (0.6285952045 0.2306116657 3.490394934) (-0.9250532546 0.6863085954 1.7066117) (-0.6948049263 0.3831444327 2.035204459) (-0.0027640044 -0.01332895448 0.1317622771)
0.0004288952128   (0.7332554665 1.589901513 0.9126116591) (0.3207619592 -0.2267373811 0.8179772356) (0.6049052112 1.828476608 -2.482928505) (0.1256256577 -0.08635602926 -0.206596983) (-0.5968766999 0.2110429886 3.609953972) (0.6267638784 0.8568161628 1.690597926) (0.4455058231 0.5096952119 2.243107831) (0.07925204225 1.132232822 1.349386999) (0.07990787145 -0.07185582289 1.041533661) (-0.003230947754 1.577313902 -2.11784122) (-0.1973098382 -0.01933997686 -0.2524097771) (0.04751581845 0.1740864949 3.798586747) (-0.67958082 0.9234997562 1.484386528) (-0.3946628869 0.8757344192 2.544673451) (-0.4292326469 2.118705747 1.541432509) (-0.005239327064 -0.1461404328 1.037029761) (-0.1619110636 1.311640436 -1.979764615) (-0.09142575954 -0.121991161 -0.1924732765) (0.6286047958 0.2305811116 3.490714301) (-0.9258351267 0.6855710467 1.709558792) (-0.6956101576 0.383274726 2.034842876) (-0.002763262443 -0.0133271505 0.1317626488)
0.0004462012165   (0.7323275622 1.590456412 0.9125465279) (0.3206543028 -0.2266582873 0.8178816418) (0.6047291242 1.828778634 -2.481760454) (0.1255990402 -0.08633455579 -0.2065487655) (-0.5967609208 0.2110535478 3.610033399) (0.6284847355 0.8553498879 1.691539685) (0.4456290552 0.5096032244 2.242686113) (0.0798204848 1.1332316 1.350488542) (0.07971764881 -0.07190816684 1.041483297) (-0.003729721634 1.577814028 -2.117586209) (-0.1972814329 -0.01929171099 -0.2523838115) (0.04765790704 0.1742257802 3.798740338) (-0.6795260134 0.9234502636 1.483992552) (-0.3947849999 0.8754590427 2.54369701) (-0.4295584678 2.118791526 1.538570895) (-0.005375616845 -0.1460157588 1.036845521) (-0.1616079221 1.310589104 -1.977600753) (-0.09145163784 -0.1219754226 -0.1924106382) (0.6286150725 0.2305576543 3.491035443) (-0.9266293186 0.6847948877 1.71253612) (-0.6964104373 0.3834088797 2.034480733) (-0.002762560254 -0.01332539357 0.1317630224)
0.0004635075574   (0.7313464943 1.591023692 0.9124849656) (0.3205469058 -0.2265792798 0.817786506) (0.604574088 1.829071302 -2.480600833) (0.1255724463 -0.08631331073 -0.2065005487) (-0.5966452802 0.2110755875 3.610113144) (0.630264346 0.8538354307 1.692512404) (0.445752226 0.509512537 2.242264153) (0.08039028546 1.13421855 1.351588756) (0.07952792248 -0.07196164243 1.041434279) (-0.004220424464 1.578313901 -2.117323376) (-0.1972527913 -0.01924277909 -0.2523580428) (0.04779408388 0.1743512383 3.798892161) (-0.6794726752 0.9234003668 1.483600376) (-0.3949094621 0.8751817461 2.54271653) (-0.4298842266 2.118882659 1.535703009) (-0.00551207493 -0.1458919763 1.036663034) (-0.1613113054 1.309553007 -1.975479521) (-0.09147773866 -0.1219599796 -0.1923480785) (0.6286260282 0.2305416837 3.491357429) (-0.9274360402 0.6839791994 1.715543353) (-0.6972056721 0.3835467834 2.03411786) (-0.002761894138 -0.01332368013 0.1317633957)
0.0004808144664   (0.7303127954 1.59160332 0.9124266234) (0.3204397704 -0.2265003628 0.8176918499) (0.6044397863 1.82935501 -2.479449977) (0.1255458397 -0.08629233261 -0.2064523431) (-0.5965297637 0.2111089321 3.610192486) (0.6321039863 0.8522703271 1.693516436) (0.4458754322 0.509422758 2.241841706) (0.08096124567 1.135194144 1.352687334) (0.07933863634 -0.07201612609 1.041386539) (-0.004702694068 1.578814036 -2.117053009) (-0.1972239632 -0.01919327231 -0.2523326005) (0.04792399754 0.1744651225 3.799042783) (-0.6794207927 0.9233500508 1.483210007) (-0.3950362844 0.8749023998 2.541732079) (-0.4302097328 2.118977834 1.532830606) (-0.005648735675 -0.1457689421 1.036482204) (-0.1610222232 1.30853186 -1.973400986) (-0.09150404646 -0.1219448256 -0.1922857117) (0.6286377174 0.230533596 3.491679663) (-0.9282556606 0.6831228704 1.718579367) (-0.697995897 0.3836881298 2.033754424) (-0.002761260193 -0.01332200679 0.1317637676)
0.0004981221232   (0.7292271643 1.592195288 0.9123711715) (0.320332938 -0.2264215321 0.817597619) (0.6043256739 1.829631458 -2.478308743) (0.1255192738 -0.08627155895 -0.2064041346) (-0.5964144119 0.2111534958 3.610271065) (0.6340042806 0.8506528208 1.694552631) (0.4459986991 0.509334075 2.241419017) (0.08153302669 1.136158876 1.353784) (0.07914980181 -0.07207156137 1.041339946) (-0.00517595233 1.579313904 -2.116774521) (-0.1971947858 -0.01914315458 -0.2523074052) (0.04804730555 0.1745695171 3.799191952) (-0.6793703761 0.9232993395 1.482821351) (-0.3951654914 0.8746208899 2.540743557) (-0.4305348541 2.119075716 1.529955455) (-0.005785650487 -0.1456464867 1.03630284) (-0.1607414385 1.307525469 -1.971365329) (-0.09153060575 -0.1219300174 -0.1922235298) (0.6286500401 0.2305336482 3.492001644) (-0.929088096 0.6822246953 1.721644313) (-0.6987813829 0.3838326178 2.033390427) (-0.002760657009 -0.01332037217 0.1317641386)
0.0005154307046   (0.7280903885 1.592799448 0.9123183541) (0.3202264427 -0.2263427998 0.8175038472) (0.6042312339 1.829901519 -2.477177387) (0.1254927606 -0.08625102534 -0.2063559323) (-0.5962992927 0.2112092122 3.610348377) (0.6359671076 0.8489836361 1.695622516) (0.4461220936 0.5092464186 2.240996144) (0.08210529426 1.137113206 1.354878634) (0.07896143718 -0.07212795745 1.04129443) (-0.005640684405 1.579813933 -2.116488958) (-0.1971652482 -0.01909244873 -0.2522824337) (0.04816402132 0.1746664762 3.799339583) (-0.6793213012 0.923248256 1.482434343) (-0.3952970571 0.8743371073 2.539750903) (-0.4308593922 2.119174894 1.527079488) (-0.005922930266 -0.1455244759 1.036124763) (-0.1604693692 1.30653381 -1.969372819) (-0.0915574862 -0.1219155289 -0.1921613537) (0.6286631241 0.2305420016 3.492322745) (-0.9299353735 0.6812814152 1.724736578) (-0.6995625284 0.3839800919 2.033026261) (-0.002760082145 -0.01331877678 0.1317645092)
0.0005327403474   (0.7269033766 1.593415838 0.9122679087) (0.320120345 -0.2262641704 0.81741049) (0.6041559686 1.830165342 -2.476056099) (0.1254663067 -0.08623073248 -0.2063077645) (-0.5961844455 0.2112759917 3.610424112) (0.6379915918 0.8472618112 1.696727627) (0.4462459875 0.509160126 2.240572818) (0.08267781201 1.138057326 1.355971053) (0.07877316818 -0.07218504677 1.041250083) (-0.006097271792 1.580314015 -2.116196299) (-0.1971353818 -0.01904115067 -0.2522576749) (0.04827419742 0.1747576497 3.799485867) (-0.6792735312 0.9231968782 1.482048922) (-0.3954309846 0.8740510098 2.538754076) (-0.4311831669 2.119273886 1.524204743) (-0.006060339906 -0.1454027918 1.035947913) (-0.1602064743 1.3055568 -1.967423449) (-0.09158467637 -0.1219013524 -0.1920992325) (0.6286769335 0.2305586828 3.492642556) (-0.9307956046 0.680294345 1.727855551) (-0.7003390332 0.3841305183 2.032661762) (-0.002759534135 -0.01331721767 0.1317648788)
0.0005500511544   (0.7256671735 1.59404447 0.9122197267) (0.3200146559 -0.2261856516 0.8173175469) (0.6040992555 1.830422745 -2.474944804) (0.1254398303 -0.08621064561 -0.206259562) (-0.5960699521 0.2113535454 3.610498082) (0.6400755182 0.8454889265 1.697868157) (0.446370121 0.5090748315 2.240149051) (0.08325063386 1.138991754 1.357061256) (0.07858500049 -0.07224286221 1.041206881) (-0.006545635239 1.580813971 -2.115897077) (-0.1971052361 -0.01898928506 -0.2522331275) (0.04837834755 0.1748443733 3.799631193) (-0.6792270127 0.9231452129 1.481665049) (-0.3955674087 0.8737625459 2.537753048) (-0.4315060013 2.119371051 1.521333318) (-0.006197842735 -0.145281366 1.035771996) (-0.1599532731 1.304594423 -1.965517339) (-0.09161212496 -0.121887536 -0.1920372403) (0.628691583 0.2305836593 3.492960668) (-0.9316711613 0.6792609769 1.731000271) (-0.7011107111 0.3842837991 2.032296711) (-0.002759012885 -0.01331569237 0.1317652474)
0.0005673631974   (0.7243830484 1.594685541 0.9121736401) (0.3199093826 -0.2261072423 0.8172249925) (0.6040607894 1.830674501 -2.47384392) (0.1254132807 -0.08619081042 -0.2062113687) (-0.5959557615 0.2114415773 3.610570119) (0.6422188826 0.8436643161 1.699045163) (0.4464945397 0.5089906609 2.239724884) (0.08382354013 1.139916863 1.358149014) (0.07839706819 -0.07230146692 1.041164638) (-0.006985460544 1.581314513 -2.11559237) (-0.1970747916 -0.0189368821 -0.2522088292) (0.04847692164 0.1749279257 3.799775581) (-0.6791817779 0.9230932423 1.481282622) (-0.3957064186 0.87347165 2.536747731) (-0.4318276222 2.119464976 1.518467341) (-0.006335894253 -0.1451602159 1.035597636) (-0.1597103273 1.303646531 -1.963654557) (-0.09163988917 -0.121874058 -0.1919754021) (0.6287069714 0.2306169177 3.493276807) (-0.9325621079 0.6781810831 1.734169265) (-0.7018776489 0.3844398842 2.031931213) (-0.002758516501 -0.01331419818 0.1317656144)
0.0005846765113   (0.7230523307 1.59533883 0.9121295881) (0.3198045148 -0.2260289474 0.8171328244) (0.6040402861 1.830921237 -2.472753294) (0.1253866952 -0.08617123164 -0.206163223) (-0.5958419704 0.2115397864 3.610640022) (0.6444217305 0.8417867496 1.700258338) (0.4466190904 0.5089073773 2.239300223) (0.08439623921 1.140832857 1.359234134) (0.07820940756 -0.07236090318 1.041123368) (-0.007421142366 1.581815954 -2.115282213) (-0.1970440374 -0.0188839023 -0.2521845941) (0.04856976478 0.1750094317 3.799918209) (-0.6791377452 0.9230409531 1.480901582) (-0.3958479356 0.8731782653 2.535738012) (-0.4321478405 2.119554057 1.515609112) (-0.006474451631 -0.1450392243 1.035424493) (-0.1594781663 1.302712823 -1.961835022) (-0.09166793965 -0.121860929 -0.191913837) (0.6287231054 0.2306583742 3.493590725) (-0.9334675295 0.6770546959 1.73736099) (-0.702639917 0.3845987067 2.031565376) (-0.002758044848 -0.01331273406 0.1317659788)
0.0006019911017   (0.7216764766 1.596004354 0.9120874612) (0.3197000433 -0.2259507585 0.8170409836) (0.604037114 1.831162736 -2.471673169) (0.125360093 -0.08615197683 -0.2061150996) (-0.595728581 0.2116478457 3.610707714) (0.646681737 0.83985882 1.701509381) (0.4467436853 0.5088248043 2.23887492) (0.08496847383 1.14174014 1.360316387) (0.07802193922 -0.07242119839 1.041083027) (-0.007850136382 1.582317911 -2.114967163) (-0.1970129272 -0.01883036668 -0.2521605252) (0.0486560521 0.1750886075 3.800059941) (-0.6790949958 0.9229883618 1.480521885) (-0.3959920831 0.8728823747 2.534723852) (-0.4324663403 2.119636724 1.512760821) (-0.006613459829 -0.1449182868 1.035252301) (-0.1592571587 1.301793266 -1.960058771) (-0.09169634233 -0.12184815 -0.1918523528) (0.6287399864 0.2307078704 3.493902248) (-0.9343860419 0.6758814422 1.740574613) (-0.7033975286 0.384760093 2.031198951) (-0.002757595638 -0.01331129737 0.1317663424)
0.0006193069512   (0.7202571163 1.596682072 0.9120473141) (0.3195959972 -0.2258726948 0.8169495059) (0.6040509297 1.831399429 -2.470603319) (0.1253334943 -0.08613300472 -0.2060669621) (-0.5956157038 0.2117653991 3.610772982) (0.6489942851 0.8378877917 1.702800943) (0.4468683287 0.5087430275 2.238449) (0.08553993072 1.142638793 1.361395766) (0.07783466154 -0.07248234048 1.041043663) (-0.008271891151 1.58281982 -2.114648087) (-0.1969815121 -0.01877627989 -0.2521367195) (0.04873748672 0.1751678369 3.800199515) (-0.6790534601 0.9229354441 1.480143425) (-0.3961389275 0.8725839142 2.533705299) (-0.4327827351 2.119711276 1.509924931) (-0.006752814845 -0.144797395 1.035081125) (-0.1590473333 1.300887731 -1.958325849) (-0.09172500625 -0.1218356861 -0.191790767) (0.6287576349 0.2307652265 3.494211084) (-0.9353163711 0.674660152 1.743808289) (-0.7041504441 0.3849239427 2.030831916) (-0.002757169283 -0.01330988674 0.1317667044)
0.0006366232668   (0.718796042 1.597371806 0.9120092221) (0.3194924271 -0.2257947609 0.8168583848) (0.6040811927 1.831630871 -2.469543621) (0.1253068562 -0.08611431293 -0.2060188579) (-0.5955033756 0.2118921793 3.610835793) (0.6513639148 0.8358620598 1.704131172) (0.4469927709 0.5086614434 2.238022488) (0.08611097312 1.143529167 1.362472308) (0.07764729647 -0.07254423178 1.041005242) (-0.008685748629 1.583321176 -2.114325117) (-0.1969497496 -0.01872161065 -0.2521131001) (0.04881372323 0.1752468314 3.800338344) (-0.6790128484 0.9228824098 1.479766245) (-0.3962884098 0.8722828149 2.532682541) (-0.4330967696 2.119776115 1.507103892) (-0.006892549891 -0.1446764675 1.034910799) (-0.1588489273 1.299996141 -1.956636426) (-0.09175397433 -0.1218235438 -0.1917291605) (0.6287760527 0.2308303309 3.494517056) (-0.9362590371 0.6733931508 1.747061638) (-0.7048987816 0.385090241 2.030464197) (-0.002756765809 -0.01330850027 0.1317670632)
0.0006539321231   (0.7172957683 1.598073172 0.9119732903) (0.319389343 -0.2257170127 0.8167676973) (0.6041273253 1.831856405 -2.468494113) (0.1252802012 -0.0860959219 -0.2059708715) (-0.5953916157 0.2120277721 3.610895971) (0.6537878297 0.8337840713 1.705499749) (0.4471170082 0.5085803224 2.237595461) (0.08668092964 1.144411199 1.363545473) (0.07745999834 -0.07260679827 1.040967746) (-0.009090648641 1.583821206 -2.113999551) (-0.1969176007 -0.01866636231 -0.2520897186) (0.04888503619 0.1753283054 3.800476235) (-0.6789732873 0.9228292011 1.479390495) (-0.3964405054 0.8719792221 2.531656006) (-0.4334080319 2.119829613 1.504301404) (-0.007032624662 -0.1445554895 1.034741377) (-0.1586624593 1.299118836 -1.954991131) (-0.0917832697 -0.1218117704 -0.1916676291) (0.6287951887 0.2309028584 3.494820175) (-0.9372109666 0.6720808193 1.750332178) (-0.7056421046 0.385258694 2.030096107) (-0.002756384932 -0.01330713726 0.1317674178)
0.0006712335908   (0.7157583135 1.598786093 0.9119395919) (0.3192867736 -0.2256394339 0.8166774046) (0.6041884672 1.832075868 -2.467454773) (0.1252535616 -0.08607782171 -0.2059228887) (-0.5952804162 0.212171403 3.61095329) (0.6562610044 0.8316570094 1.706908568) (0.4472410774 0.5084995122 2.237167977) (0.08724940179 1.145285227 1.36461505) (0.0772729045 -0.0726700212 1.04093114) (-0.009488423104 1.584320057 -2.113671778) (-0.1968850884 -0.01861048767 -0.252066523) (0.04895168609 0.1754115664 3.800613763) (-0.6789347981 0.922775857 1.479016138) (-0.3965951972 0.8716730518 2.530625761) (-0.4337162333 2.119870201 1.501519941) (-0.007173002862 -0.1444343836 1.034572827) (-0.1584881144 1.298255342 -1.9533896) (-0.09181285645 -0.1218002884 -0.191606219) (0.6288150494 0.2309821379 3.495119891) (-0.9381710245 0.6707227477 1.753618722) (-0.7063806722 0.3854295343 2.029727368) (-0.002756025346 -0.0133057965 0.1317677687)
0.0006885277376   (0.7141858875 1.599510435 0.9119082996) (0.3191847359 -0.225562029 0.8165874863) (0.6042642512 1.832289163 -2.466424885) (0.1252269011 -0.08606001877 -0.2058749628) (-0.5951697827 0.2123224646 3.611007659) (0.6587804355 0.8294824159 1.708358044) (0.4473648997 0.5084187633 2.236740122) (0.08781633602 1.146151522 1.365680974) (0.07708605983 -0.07273388796 1.04089542) (-0.009879555452 1.584817297 -2.113341994) (-0.1968520814 -0.01855402561 -0.2520435097) (0.04901541836 0.1754976531 3.800749398) (-0.678897449 0.9227223372 1.478643091) (-0.396752529 0.8713644428 2.529591662) (-0.4340211835 2.119896277 1.49876189) (-0.007313737936 -0.1443131102 1.034405114) (-0.15832603 1.297405674 -1.951831718) (-0.09184285079 -0.1217893064 -0.1915449022) (0.628835625 0.2310678009 3.49541585) (-0.9391386597 0.669318267 1.756919668) (-0.7071145138 0.3856026676 2.029358072) (-0.002755686431 -0.0133044761 0.1317681157)
0.0007058146424   (0.7125807796 1.600246173 0.9118796351) (0.3190832338 -0.2254847339 0.816497947) (0.6043539963 1.832496213 -2.465403966) (0.1252002291 -0.08604252058 -0.2058271005) (-0.5950597156 0.2124806527 3.611059024) (0.6613440298 0.8272612371 1.709848524) (0.447488472 0.5083384082 2.236311657) (0.08838156347 1.147010187 1.366743327) (0.0768994536 -0.07279841439 1.040860584) (-0.01026483055 1.585313038 -2.113010842) (-0.1968186244 -0.01849700102 -0.2520206671) (0.04907595475 0.1755859044 3.800884156) (-0.6788611436 0.9226686818 1.478271339) (-0.3969124325 0.8710533476 2.528553559) (-0.4343226292 2.1199062 1.496029728) (-0.007454812049 -0.1441916464 1.034238206) (-0.1581763401 1.296569473 -1.950317074) (-0.09187329752 -0.1217787509 -0.1914836695) (0.6288569182 0.2311598534 3.495707982) (-0.9401112492 0.6678682458 1.760233556) (-0.7078437485 0.3857780255 2.02898839) (-0.002755367611 -0.01330317604 0.1317684591)
0.0007230943975   (0.7109453647 1.600993253 0.9118538738) (0.3189822691 -0.225407589 0.8164087837) (0.6044571485 1.832696863 -2.464391135) (0.1251735544 -0.08602532363 -0.2057792609) (-0.5949502571 0.2126458716 3.611107566) (0.6639495037 0.8249946666 1.711380009) (0.4476117981 0.5082584963 2.235882519) (0.08894565293 1.147861169 1.367802026) (0.07671303876 -0.07286354502 1.040826567) (-0.01064188607 1.585807006 -2.112677669) (-0.1967847734 -0.01843938955 -0.2519979778) (0.04913253478 0.1756767803 3.8010169) (-0.6788258504 0.9226149076 1.477900826) (-0.3970751401 0.8707397744 2.52751178) (-0.4346203273 2.119898317 1.493326023) (-0.007596211813 -0.1440699834 1.034072104) (-0.1580393185 1.295746357 -1.948844783) (-0.0919040008 -0.1217685795 -0.1914226162) (0.6288789418 0.2312583584 3.495996274) (-0.9410884251 0.6663693596 1.76355914) (-0.7085684044 0.3859555538 2.028618184) (-0.0027550684 -0.01330189545 0.1317687992)
0.0007403671081   (0.7092821676 1.601751647 0.9118313395) (0.3188818634 -0.2253306231 0.8163200436) (0.604573152 1.832890868 -2.463385855) (0.1251467556 -0.0860084681 -0.2057314938) (-0.5948414531 0.2128180671 3.611153589) (0.6665940903 0.8226816509 1.712952228) (0.4477348211 0.5081789826 2.235452632) (0.0895069511 1.148705199 1.368856692) (0.07652679126 -0.07292926413 1.040793367) (-0.01101075953 1.586298867 -2.112341306) (-0.1967505805 -0.01838121145 -0.2519754313) (0.04918602665 0.1757700794 3.801148888) (-0.6787915778 0.922561019 1.477531537) (-0.3972406496 0.8704237159 2.526466249) (-0.4349140353 2.119870902 1.490653202) (-0.00773806662 -0.1439481138 1.033906799) (-0.157915027 1.294935923 -1.947414345) (-0.0919349596 -0.1217587974 -0.1913617384) (0.6289016286 0.2313632611 3.496280772) (-0.9420682596 0.6648230518 1.766895136) (-0.709288413 0.386135181 2.028247488) (-0.002754788276 -0.01330063296 0.1317691359)
0.0007576328948   (0.707593717 1.602521002 0.9118123373) (0.3187820166 -0.2252538439 0.8162316921) (0.6047015316 1.833078214 -2.462387076) (0.1251198751 -0.08599194916 -0.2056838158) (-0.5947333548 0.2129969619 3.61119728) (0.6692752545 0.8203233043 1.714565446) (0.447857537 0.5080997351 2.23502188) (0.09006575344 1.149542465 1.369907499) (0.07634079045 -0.07299550887 1.040760787) (-0.01137143896 1.586788672 -2.112003063) (-0.1967159868 -0.01832242662 -0.2519530334) (0.04923826821 0.1758662644 3.801278344) (-0.6787582351 0.9225069083 1.477163439) (-0.3974089203 0.8701051489 2.525416918) (-0.4352035212 2.119822502 1.488013661) (-0.00788032834 -0.1438260026 1.033742329) (-0.1578035073 1.294137808 -1.946025335) (-0.09196619785 -0.1217494073 -0.1913010306) (0.6289248833 0.2314744669 3.496561633) (-0.9430476107 0.6632313362 1.770239782) (-0.7100037509 0.3863167731 2.027876203) (-0.002754526959 -0.01329938753 0.1317694692)
0.0007748918905   (0.7058826933 1.603301057 0.9117972126) (0.3186827296 -0.2251772596 0.8161437333) (0.604841808 1.833259245 -2.461394019) (0.1250929304 -0.08597576739 -0.205636184) (-0.5946259677 0.2131821926 3.611238929) (0.6719911036 0.8179211651 1.716219531) (0.4479799838 0.5080208067 2.234590269) (0.09062203821 1.150373151 1.370954514) (0.07615498325 -0.07306229531 1.040728899) (-0.01172744438 1.58727604 -2.111663236) (-0.1966809758 -0.0182630673 -0.2519307978) (0.0492891382 0.1759648548 3.801406914) (-0.6787257812 0.9224525633 1.476796536) (-0.3975799629 0.8697840438 2.524363785) (-0.4354885661 2.119751522 1.485410153) (-0.008022790838 -0.1437036004 1.033578616) (-0.1577046174 1.29335189 -1.94467718) (-0.09199779189 -0.121740439 -0.191240484) (0.628948679 0.2315917165 3.496838788) (-0.9440238549 0.6615961429 1.77359346) (-0.7107144547 0.3865001912 2.027504447) (-0.002754283876 -0.01329815953 0.1317697988)
0.0007921442381   (0.7041518095 1.604091683 0.9117864136) (0.3185840258 -0.2251008561 0.8160561209) (0.6049936221 1.83343427 -2.460405689) (0.1250658944 -0.08595990075 -0.2055885748) (-0.594519217 0.2133733452 3.611278799) (0.6747372268 0.8154769365 1.717916414) (0.448102214 0.5079422087 2.234157857) (0.09117587766 1.151197246 1.371997773) (0.07596937137 -0.07312965073 1.040697764) (-0.01207835203 1.587761047 -2.111322092) (-0.1966455102 -0.01820315345 -0.2519086898) (0.04933988552 0.1760662255 3.801532761) (-0.6786942177 0.9223979997 1.476430744) (-0.3977538431 0.8694603926 2.523306801) (-0.4357689908 2.119657089 1.482845031) (-0.008165587139 -0.1435810211 1.033415751) (-0.1576182979 1.292577706 -1.943368771) (-0.09202967048 -0.1217319029 -0.1911801647) (0.6289728894 0.231714763 3.497112255) (-0.9450037792 0.6599185575 1.776952051) (-0.7114205545 0.386685502 2.027132243) (-0.00275405864 -0.01329694804 0.1317701247)
0.0008093900883   (0.7024038607 1.60489289 0.9117804098) (0.3184858934 -0.2250246335 0.8159688683) (0.6051564124 1.833603527 -2.459421467) (0.1250388112 -0.08594431718 -0.2055409962) (-0.5944131682 0.2135699716 3.611317028) (0.6775103588 0.8129912152 1.719656329) (0.4482242269 0.5078638674 2.233724404) (0.09172712265 1.152014969 1.373037363) (0.07578391003 -0.07319757942 1.04066738) (-0.01242313627 1.588243485 -2.11097955) (-0.1966097223 -0.01814268396 -0.2518867025) (0.04939000483 0.1761699867 3.80165783) (-0.6786634744 0.9223433101 1.476065968) (-0.3979307286 0.8691341963 2.522245969) (-0.4360446377 2.119537916 1.480320644) (-0.008308762547 -0.1434582542 1.033253686) (-0.1575445041 1.29181502 -1.942099197) (-0.0920618521 -0.1217238371 -0.1911200075) (0.6289976217 0.231843393 3.49738208) (-0.9459769046 0.6581987718 1.780316042) (-0.7121220986 0.3868724769 2.026759699) (-0.002753850343 -0.01329575222 0.1317704466)
0.0008266296009   (0.7006417209 1.60570441 0.9117797028) (0.3183883176 -0.2249485932 0.8158819821) (0.6053299728 1.833767248 -2.458440307) (0.1250116847 -0.08592903209 -0.2054934842) (-0.5943078471 0.2137716609 3.611353862) (0.6803074897 0.810465776 1.721439567) (0.4483458452 0.5077858232 2.233290671) (0.09227554286 1.152826589 1.37407323) (0.07559840794 -0.07326610322 1.040637793) (-0.01276219183 1.588724382 -2.110637044) (-0.1965736162 -0.01808161618 -0.2518648397) (0.0494408045 0.1762764106 3.801779708) (-0.6786335576 0.9222884532 1.475702202) (-0.3981105015 0.868805169 2.521181324) (-0.4363153314 2.119392475 1.477839366) (-0.008451938439 -0.1433352632 1.03309244) (-0.1574831028 1.291063481 -1.940867521) (-0.09209430561 -0.12171622 -0.1910600287) (0.6290227461 0.231977269 3.497648267) (-0.9469537443 0.6564324416 1.783681232) (-0.7128192023 0.3870611226 2.02638671) (-0.002753658227 -0.01329457147 0.1317707645)
0.0008438629421   (0.6988683151 1.606526074 0.9117848514) (0.3182912791 -0.2248727225 0.815795427) (0.6055139614 1.833925918 -2.457461608) (0.1249844715 -0.08591413771 -0.205446146) (-0.5942032282 0.213978008 3.611389493) (0.6831248742 0.8079022609 1.723266348) (0.448467094 0.5077079429 2.23285674) (0.09282116057 1.153632237 1.375104733) (0.07541221731 -0.07333518854 1.040609025) (-0.01309635513 1.589203435 -2.110294303) (-0.1965370841 -0.01801991492 -0.2518431665) (0.04949156355 0.1763851537 3.801900991) (-0.6786044625 0.922233432 1.475339438) (-0.3982931015 0.8684732295 2.520112883) (-0.4365808983 2.119219499 1.47540343) (-0.008595425667 -0.1432119645 1.032931859) (-0.1574338738 1.290323004 -1.939672905) (-0.09212716276 -0.1217090765 -0.1910002365) (0.6290482887 0.2321161064 3.497910902) (-0.9479277932 0.6546230012 1.787046744) (-0.7135119195 0.3872513041 2.026013402) (-0.002753481443 -0.01329340533 0.1317710781)
0.0008610902814   (0.6970866217 1.607357728 0.9117964796) (0.3181947676 -0.2247970212 0.8157091977) (0.6057082925 1.834080187 -2.456484394) (0.1249571394 -0.08589968567 -0.2053989743) (-0.5940992729 0.2141885684 3.611424079) (0.6859590615 0.8053016266 1.725136685) (0.4485879892 0.5076301001 2.232422542) (0.09336389252 1.15443223 1.376132581) (0.07522635792 -0.07340461866 1.040580694) (-0.01342555197 1.589680176 -2.109951276) (-0.1965000489 -0.01795763083 -0.2518216767) (0.04954402736 0.1764961653 3.802018908) (-0.6785761652 0.9221782024 1.474977554) (-0.3984783676 0.8681384009 2.519040595) (-0.4368412999 2.119017706 1.473015231) (-0.008739392527 -0.1430883649 1.032771947) (-0.157396855 1.289593165 -1.938514165) (-0.09216029928 -0.1217024371 -0.1909407299) (0.6290741504 0.2322595717 3.49817004) (-0.9488939077 0.6527719435 1.790411924) (-0.7142000873 0.3874427392 2.025639611) (-0.002753319821 -0.01329225347 0.1317713875)
0.0008783117946   (0.6952996204 1.608199056 0.9118151878) (0.3180987906 -0.2247215052 0.8156233544) (0.6059127044 1.834229884 -2.455508103) (0.124929692 -0.08588565227 -0.2053519772) (-0.5939959537 0.2144029172 3.611457815) (0.6888058677 0.8026665171 1.727050455) (0.4487086013 0.5075521489 2.231987816) (0.09390380679 1.155226738 1.377156945) (0.07504075756 -0.07347466567 1.040552937) (-0.01374955928 1.590154331 -2.109606972) (-0.1964625239 -0.01789469966 -0.2518002366) (0.04959884313 0.1766079574 3.802138213) (-0.6785486004 0.9221228784 1.474616636) (-0.3986663357 0.8678006775 2.517964474) (-0.4370965174 2.118786 1.470677057) (-0.008883853851 -0.1429644494 1.032612674) (-0.1573719283 1.288873828 -1.93739014) (-0.09219376094 -0.1216961431 -0.1908815151) (0.6291003868 0.2324073433 3.498425678) (-0.9498491738 0.6508805738 1.793775043) (-0.7148836911 0.3876353148 2.025265271) (-0.0027531728 -0.01329111543 0.1317716925)
0.0008955276611   (0.693510311 1.60904986 0.9118416077) (0.3180033243 -0.2246461727 0.8155378247) (0.6061270959 1.834375362 -2.454531938) (0.1249021996 -0.08587193015 -0.2053050862) (-0.5938932724 0.2146206419 3.611490866) (0.6916624661 0.7999990195 1.729008207) (0.4488289658 0.507474098 2.231552373) (0.09444074215 1.156015845 1.378177959) (0.07485546539 -0.07354532687 1.040525822) (-0.01406868479 1.590626113 -2.109260074) (-0.1964245479 -0.01783118684 -0.2517789769) (0.04965690337 0.1767212069 3.802254362) (-0.678521845 0.9220674227 1.474256593) (-0.3988571116 0.8674600973 2.516884475) (-0.4373466167 2.118523405 1.468390954) (-0.009028806041 -0.1428402251 1.032454041) (-0.1573591556 1.288165046 -1.936300012) (-0.09222760306 -0.1216904546 -0.1908224673) (0.6291269135 0.2325592017 3.498678043) (-0.9507890291 0.6489476401 1.797134888) (-0.715562652 0.3878285665 2.024890399) (-0.00275304005 -0.01328999089 0.1317719938)
0.0009127380584   (0.6917216915 1.609909977 0.9118764208) (0.3179083752 -0.2245710301 0.8154526589) (0.6063511561 1.834516808 -2.453555368) (0.1248746128 -0.08585854782 -0.2052583093) (-0.5937912622 0.2148413027 3.611523339) (0.6945236306 0.7973009512 1.731009029) (0.4489490158 0.5073959101 2.231116208) (0.09497456385 1.156799748 1.379195504) (0.07467042638 -0.07361659139 1.040499334) (-0.01438211935 1.591095437 -2.108911755) (-0.1963860573 -0.0177671003 -0.2517579801) (0.04971652686 0.1768357171 3.802371749) (-0.6784958534 0.9220117993 1.473897411) (-0.3990507504 0.8671166061 2.515800568) (-0.4375915749 2.118228907 1.466159157) (-0.009174218367 -0.1427157353 1.032296112) (-0.1573586059 1.287466033 -1.935242391) (-0.09226178058 -0.1216852922 -0.1907636855) (0.6291536938 0.2327147899 3.498927106) (-0.9517145057 0.6469789973 1.80048891) (-0.7162371076 0.3880223769 2.024514876) (-0.002752921054 -0.01328887987 0.1317722915)
0.0009299431599   (0.6899367483 1.610779191 0.911920323) (0.3178139477 -0.224496074 0.8153678263) (0.6065848276 1.834654423 -2.452577639) (0.1248469104 -0.08584549231 -0.2052116575) (-0.5936899043 0.2150644925 3.611555419) (0.6973913941 0.7945715063 1.733053494) (0.4490686406 0.5073175928 2.230679228) (0.0955051614 1.157578738 1.380209318) (0.07448547378 -0.07368847481 1.040473461) (-0.01468941114 1.591561839 -2.108562616) (-0.1963471998 -0.01770228117 -0.2517369617) (0.049780154 0.1769516746 3.802484665) (-0.6784706254 0.9219560353 1.473539074) (-0.3992472747 0.8667702706 2.51471275) (-0.4378314042 2.117901661 1.463983692) (-0.009320075804 -0.1425909664 1.03213888) (-0.1573702129 1.28677636 -1.934216236) (-0.09229628248 -0.1216806383 -0.1907051419) (0.6291806174 0.2328738303 3.499173078) (-0.9526209283 0.6449715283 1.803835968) (-0.7169071123 0.3882166465 2.024138904) (-0.002752815427 -0.01328778167 0.1317725852)
0.0009471431335   (0.6881584457 1.611657228 0.9119739836) (0.3177200315 -0.2244212939 0.8152833066) (0.6068279962 1.834788224 -2.451598285) (0.1248191366 -0.08583280715 -0.2051651145) (-0.5935891089 0.2152898261 3.611587295) (0.7002614798 0.7918148121 1.735142203) (0.4491880053 0.5072391042 2.230241474) (0.09603230946 1.158352925 1.381220123) (0.07430054299 -0.07376098342 1.040448174) (-0.01499012436 1.592025616 -2.108213382) (-0.1963079417 -0.01763680497 -0.2517160365) (0.04984539384 0.1770679158 3.802599898) (-0.6784461078 0.9219000885 1.473181485) (-0.3994465603 0.8664211737 2.513621027) (-0.4380662482 2.117540843 1.461866536) (-0.009466397346 -0.142465908 1.03198232) (-0.1573941339 1.286095674 -1.933220376) (-0.09233105394 -0.1216765008 -0.1906470395) (0.6292076926 0.2330359616 3.499415985) (-0.9535104736 0.6429327129 1.807173785) (-0.7175726482 0.3884116814 2.023762487) (-0.00275272232 -0.01328669604 0.1317728753)
0.0009643381412   (0.6863896961 1.612543964 0.9120381931) (0.317626631 -0.2243466879 0.8151990931) (0.6070806575 1.834918542 -2.450616486) (0.1247913319 -0.08582044385 -0.2051186043) (-0.5934888704 0.2155169099 3.611619087) (0.7031290549 0.7890308845 1.737274599) (0.4493073105 0.5071604375 2.229802838) (0.09655543007 1.159121736 1.382229819) (0.07411562161 -0.07383412861 1.040423455) (-0.01528421002 1.59248643 -2.107862579) (-0.1962683191 -0.017570709 -0.2516951364) (0.04991650323 0.1771855977 3.802709679) (-0.6784223212 0.9218441103 1.472824742) (-0.3996486401 0.8660693518 2.512525455) (-0.4382961875 2.117145957 1.45980965) (-0.009613204204 -0.1423405454 1.031826394) (-0.1574302152 1.285424201 -1.932253831) (-0.09236622022 -0.1216728805 -0.1905891605) (0.6292349411 0.2332008628 3.499655936) (-0.954377616 0.6408622066 1.810500672) (-0.7182336916 0.3886075252 2.023385587) (-0.002752641172 -0.01328562262 0.1317731615)
0.0009815283419   (0.6846333444 1.613439012 0.9121137098) (0.3175337204 -0.2242722691 0.8151152173) (0.607342716 1.835045384 -2.449631795) (0.1247634842 -0.08580839041 -0.205072137) (-0.5933891726 0.2157453903 3.611650987) (0.7059899711 0.786223693 1.739449841) (0.4494264997 0.507081398 2.229363428) (0.09707474324 1.159885437 1.383237145) (0.07393061243 -0.07390798518 1.040399378) (-0.0155707648 1.592944429 -2.10751123) (-0.1962282429 -0.01750400317 -0.2516741637) (0.04999012454 0.1773014001 3.802823684) (-0.6783992866 0.9217881529 1.472468802) (-0.3998535208 0.8657148398 2.511426011) (-0.4385213822 2.116716429 1.457814896) (-0.009760504545 -0.1422148941 1.031671145) (-0.1574779488 1.284761392 -1.931315547) (-0.09240169526 -0.1216696932 -0.1905314618) (0.6292622631 0.2333682032 3.499892982) (-0.9552253038 0.638761366 1.813815129) (-0.7188901874 0.3888039991 2.023008374) (-0.002752571226 -0.01328456088 0.1317734438)
0.000998713892    (0.6828922432 1.614342113 0.912201349) (0.3174413102 -0.224198023 0.8150316631) (0.6076143086 1.835169278 -2.448643268) (0.1247355997 -0.08579662584 -0.2050256843) (-0.5932899634 0.2159749093 3.611683141) (0.7088404093 0.7833936378 1.741668222) (0.4495456634 0.5070020125 2.228923253) (0.09759028866 1.160644224 1.384241746) (0.0737463861 -0.07398237404 1.040376291) (-0.01584869386 1.593399759 -2.107159933) (-0.1961876752 -0.01743662139 -0.2516532435) (0.05007000498 0.1774197012 3.802931101) (-0.6783769643 0.9217321981 1.472113672) (-0.4000612201 0.8653576884 2.510322691) (-0.4387420925 2.116251782 1.45588404) (-0.009908301726 -0.1420889504 1.031516519) (-0.1575373534 1.28410703 -1.930404308) (-0.09243741615 -0.1216669944 -0.1904740083) (0.6292897085 0.2335376466 3.500127163) (-0.9560515943 0.6366343903 1.817114935) (-0.7195422179 0.3890011768 2.022630795) (-0.002752512033 -0.01328351051 0.1317737226)
