/*--------------------------------*- C++ -*----------------------------------*\
| =========                 |                                                 |
| \\      /  F ield         | OpenFOAM: The Open Source CFD Toolbox           |
|  \\    /   O peration     | Version:  2412                                  |
|   \\  /    A nd           | Website:  www.openfoam.com                      |
|    \\/     M anipulation  |                                                 |
\*---------------------------------------------------------------------------*/
FoamFile
{
    version     2.0;
    format      ascii;
    arch        "LSB;label=32;scalar=64";
    class       volScalarField;
    location    "0.05";
    object      p;
}
// * * * * * * * * * * * * * * * * * * * * * * * * * * * * * * * * * * * * * //

dimensions      [0 2 -2 0 0 0 0];

internalField   nonuniform List<scalar> 
400
(
5.32132e-08
-0.00523668
-0.0114877
-0.0160116
-0.0172876
-0.0146946
-0.00823341
0.00165981
0.0142524
0.0286041
0.0436375
0.0582054
0.0711611
0.0814427
0.0881847
0.0908661
0.0894949
0.0848151
0.0785052
0.073364
0.00495972
-0.000416646
-0.0052839
-0.00831562
-0.00878452
-0.00624637
-0.000674156
0.00761885
0.0180737
0.0299489
0.0423785
0.0544352
0.0651963
0.0738185
0.0796303
0.0822448
0.0816941
0.0785153
0.0735794
0.0682982
0.0112921
0.00390501
-0.00133828
-0.00409907
-0.00439201
-0.00198336
0.00309676
0.0105512
0.0198939
0.0304888
0.0415896
0.0523892
0.062077
0.0699039
0.0752579
0.0777554
0.0773589
0.0743849
0.0689788
0.0616225
0.0168516
0.00668431
0.000156431
-0.00302141
-0.00347995
-0.00118182
0.00374931
0.0109734
0.0200112
0.030265
0.0410381
0.0515692
0.0610775
0.0688188
0.074149
0.0766056
0.0760321
0.0725465
0.0657119
0.0554533
0.0202345
0.0070762
-0.00102444
-0.00482489
-0.00549101
-0.0031614
0.00193716
0.00939793
0.0187163
0.0292973
0.0404561
0.0514354
0.0614381
0.069673
0.0754105
0.078061
0.0773209
0.0731212
0.0645238
0.0510785
0.0203766
0.00409546
-0.00569049
-0.0101273
-0.0108823
-0.00826174
-0.00260249
0.00560531
0.01581
0.0273953
0.0396626
0.05183
0.0630493
0.0724419
0.0791456
0.0823958
0.0817053
0.0768072
0.0662818
0.0493921
0.0163221
-0.00326214
-0.0147654
-0.0197132
-0.0202984
-0.017008
-0.0103026
-0.000770995
0.010974
0.0242819
0.0384269
0.0525861
0.065838
0.0771833
0.0855817
0.0900377
0.0898244
0.0844295
0.0718945
0.0512017
0.00701291
-0.0161234
-0.0293016
-0.0344876
-0.0344896
-0.0300153
-0.0216743
-0.010169
0.00382037
0.0196091
0.0364468
0.0534705
0.0696785
0.0839292
0.0949612
0.101481
0.102437
0.0969765
0.0824494
0.0574784
-0.0088699
-0.0358678
-0.0505776
-0.0555423
-0.0543518
-0.0480098
-0.0373137
-0.0230961
-0.00610093
0.0129688
0.0333606
0.0541941
0.0744026
0.0926987
0.107565
0.117332
0.120508
0.115733
0.0993957
0.0695776
-0.0330522
-0.0642554
-0.0801746
-0.0841757
-0.0809026
-0.0717752
-0.0578338
-0.0400561
-0.019233
0.00395044
0.0287871
0.0544315
0.0797989
0.103484
0.123698
0.138317
0.145253
0.142399
0.124739
0.0894716
-0.0678635
-0.103596
-0.120059
-0.121884
-0.115203
-0.102033
-0.0837238
-0.0614034
-0.0358733
-0.00773718
0.0224233
0.0538878
0.0856456
0.116249
0.143669
0.165269
0.178193
0.179235
0.161294
0.120068
-0.116581
-0.157012
-0.172681
-0.170309
-0.158211
-0.139242
-0.115124
-0.0871178
-0.0559612
-0.0220754
0.0142035
0.0524182
0.0917833
0.130958
0.167783
0.19912
0.221188
0.229238
0.213062
0.165727
-0.184104
-0.228861
-0.24107
-0.231108
-0.210518
-0.18328
-0.151508
-0.116503
-0.0788066
-0.0384998
0.00449623
0.0501786
0.0982078
0.147598
0.196302
0.240837
0.276443
0.296349
0.285794
0.233195
-0.278415
-0.325446
-0.328864
-0.305609
-0.27188
-0.232974
-0.191256
-0.147837
-0.102807
-0.0556768
-0.00572465
0.0477428
0.105122
0.166146
0.229312
0.291217
0.346349
0.385594
0.387871
0.333453
-0.413686
-0.456098
-0.439992
-0.394008
-0.340369
-0.285388
-0.23114
-0.178024
-0.125245
-0.0713972
-0.0148475
0.046076
0.112834
0.186349
0.266329
0.350306
0.43286
0.502879
0.531498
0.485287
-0.615935
-0.634309
-0.577696
-0.494039
-0.411256
-0.335082
-0.265957
-0.202524
-0.142393
-0.08279
-0.0208961
0.0462337
0.121417
0.207285
0.305668
0.416496
0.536347
0.654007
0.733541
0.720885
-0.933358
-0.877951
-0.742757
-0.599968
-0.476647
-0.374261
-0.289069
-0.216119
-0.15038
-0.0872036
-0.0222742
0.0486749
0.130093
0.226802
0.343863
0.485791
0.654411
0.842679
1.01521
1.09515
-1.47641
-1.20828
-0.923728
-0.695691
-0.521839
-0.391346
-0.292325
-0.21357
-0.146193
-0.0833245
-0.0192025
0.0516646
0.135256
0.238832
0.371794
0.546027
0.773304
1.06018
1.40287
1.72774
-2.54191
-1.63413
-1.04963
-0.717381
-0.502508
-0.358147
-0.258974
-0.185801
-0.125907
-0.0709524
-0.014651
0.0487539
0.125782
0.225199
0.360419
0.552317
0.829257
1.23805
1.91179
2.9227
-4.37016
-2.04944
-0.980348
-0.571737
-0.367164
-0.248975
-0.177286
-0.128404
-0.0890688
-0.051998
-0.0123589
0.0341217
0.0924198
0.170001
0.280288
0.448873
0.723408
1.2291
2.41262
4.84852
)
;

boundaryField
{
    movingWall
    {
        type            zeroGradient;
    }
    fixedWalls
    {
        type            zeroGradient;
    }
    frontAndBack
    {
        type            empty;
    }
}


// ************************************************************************* //
