/*--------------------------------*- C++ -*----------------------------------*\
| =========                 |                                                 |
| \\      /  F ield         | OpenFOAM: The Open Source CFD Toolbox           |
|  \\    /   O peration     | Version:  2412                                  |
|   \\  /    A nd           | Website:  www.openfoam.com                      |
|    \\/     M anipulation  |                                                 |
\*---------------------------------------------------------------------------*/
FoamFile
{
    version     2.0;
    format      ascii;
    arch        "LSB;label=32;scalar=64";
    class       volVectorField;
    location    "0.05";
    object      U;
}
// * * * * * * * * * * * * * * * * * * * * * * * * * * * * * * * * * * * * * //

dimensions      [0 1 -1 0 0 0 0];

internalField   nonuniform List<vector> 
400
(
(0.00021398 -0.000216391 0)
(9.36599e-05 0.000112462 0)
(-0.00110004 0.00051641 0)
(-0.0031509 0.000794005 0)
(-0.00570461 0.000928089 0)
(-0.00840923 0.000934664 0)
(-0.0109589 0.000837806 0)
(-0.0131052 0.000661704 0)
(-0.0146598 0.000428584 0)
(-0.0154932 0.000159193 0)
(-0.0155331 -0.000126058 0)
(-0.0147663 -0.000405686 0)
(-0.0132435 -0.00065589 0)
(-0.0110848 -0.000849926 0)
(-0.008485 -0.000958649 0)
(-0.00571376 -0.000952814 0)
(-0.00310602 -0.000808099 0)
(-0.0010349 -0.000513621 0)
(0.000137824 -9.95468e-05 0)
(0.000229837 0.000224947 0)
(-8.62006e-05 -0.000118717 0)
(-0.0014733 0.00149924 0)
(-0.00510018 0.00323199 0)
(-0.0104084 0.00444898 0)
(-0.0166797 0.00503382 0)
(-0.0232028 0.00501539 0)
(-0.0293107 0.00447858 0)
(-0.0344367 0.00352933 0)
(-0.0381411 0.00227751 0)
(-0.0401181 0.000833121 0)
(-0.0401993 -0.000691975 0)
(-0.0383593 -0.00218009 0)
(-0.0347245 -0.00350458 0)
(-0.0295818 -0.00453001 0)
(-0.023382 -0.00511814 0)
(-0.0167299 -0.00514265 0)
(-0.0103458 -0.00451582 0)
(-0.00498788 -0.00322903 0)
(-0.00138566 -0.00144413 0)
(-5.6231e-05 0.000166563 0)
(-0.000480584 0.00101749 0)
(-0.00331255 0.00513728 0)
(-0.00938628 0.00905511 0)
(-0.0176368 0.0117762 0)
(-0.0270316 0.0130374 0)
(-0.0366212 0.012868 0)
(-0.045509 0.0114397 0)
(-0.0529244 0.00899142 0)
(-0.0582654 0.0057878 0)
(-0.0611118 0.00210307 0)
(-0.0612324 -0.00177953 0)
(-0.0585928 -0.00556247 0)
(-0.0533666 -0.00892987 0)
(-0.0459452 -0.0115514 0)
(-0.0369412 -0.0131003 0)
(-0.0271732 -0.0132913 0)
(-0.0176092 -0.0119439 0)
(-0.00926691 -0.00907029 0)
(-0.0032058 -0.0050239 0)
(-0.00044335 -0.00091084 0)
(-0.000828265 0.00314088 0)
(-0.00504646 0.0108682 0)
(-0.0135272 0.0175795 0)
(-0.0246083 0.0220838 0)
(-0.0369039 0.0240391 0)
(-0.0492479 0.0235121 0)
(-0.0605669 0.0207947 0)
(-0.0699484 0.0162954 0)
(-0.0766843 0.0104724 0)
(-0.0802815 0.00380533 0)
(-0.0804663 -0.00320845 0)
(-0.0771924 -0.0100471 0)
(-0.070654 -0.0161586 0)
(-0.0613002 -0.0209689 0)
(-0.0498445 -0.0239131 0)
(-0.037256 -0.0245002 0)
(-0.0247019 -0.0224153 0)
(-0.0134471 -0.0176534 0)
(-0.00493285 -0.0107046 0)
(-0.000782144 -0.00295914 0)
(-0.00113858 0.00614873 0)
(-0.00669498 0.0185897 0)
(-0.0175753 0.0286745 0)
(-0.0314778 0.0351656 0)
(-0.0466219 0.0377503 0)
(-0.0616156 0.036608 0)
(-0.0752275 0.0322058 0)
(-0.0864382 0.0251616 0)
(-0.0944705 0.0161575 0)
(-0.0987864 0.0059022 0)
(-0.0990826 -0.00487281 0)
(-0.0952944 -0.0154007 0)
(-0.0876123 -0.0248688 0)
(-0.0765043 -0.032426 0)
(-0.0627415 -0.0372254 0)
(-0.0474081 -0.0385137 0)
(-0.0318582 -0.0357727 0)
(-0.017629 -0.0288981 0)
(-0.00660718 -0.0184185 0)
(-0.00108706 -0.00588893 0)
(-0.0014418 0.0100082 0)
(-0.00835454 0.0283142 0)
(-0.0217003 0.0423952 0)
(-0.0384963 0.0510769 0)
(-0.0565264 0.0541941 0)
(-0.0741586 0.0521404 0)
(-0.0900152 0.045634 0)
(-0.102997 0.0355531 0)
(-0.112289 0.0228336 0)
(-0.117333 0.00842727 0)
(-0.117806 -0.00669483 0)
(-0.113618 -0.0215171 0)
(-0.10493 -0.0349547 0)
(-0.0921907 -0.0458534 0)
(-0.0761867 -0.0530349 0)
(-0.0580862 -0.0554078 0)
(-0.0394256 -0.0521504 0)
(-0.0220471 -0.042943 0)
(-0.00835469 -0.028239 0)
(-0.00139493 -0.0096872 0)
(-0.00176641 0.014747 0)
(-0.0101257 0.0401303 0)
(-0.026082 0.058857 0)
(-0.0458987 0.0699145 0)
(-0.0668796 0.0734212 0)
(-0.0871451 0.070112 0)
(-0.105191 0.0610528 0)
(-0.119874 0.0474438 0)
(-0.130381 0.0305029 0)
(-0.136163 0.0114289 0)
(-0.136891 -0.00857886 0)
(-0.132444 -0.0282704 0)
(-0.122924 -0.046294 0)
(-0.108713 -0.061174 0)
(-0.0905599 -0.0713483 0)
(-0.0696714 -0.0752928 0)
(-0.0477464 -0.0717478 0)
(-0.0269577 -0.060022 0)
(-0.0103132 -0.0403525 0)
(-0.00174272 -0.0144219 0)
(-0.00213766 0.0204497 0)
(-0.0120996 0.0542041 0)
(-0.0308741 0.0782243 0)
(-0.053852 0.09178 0)
(-0.0778045 0.0954481 0)
(-0.100613 0.0904669 0)
(-0.120688 0.07837 0)
(-0.136902 0.0607495 0)
(-0.148498 0.0391304 0)
(-0.154984 0.0149477 0)
(-0.15605 -0.0104032 0)
(-0.151535 -0.0354764 0)
(-0.14145 -0.0586812 0)
(-0.126054 -0.0782193 0)
(-0.105978 -0.0920955 0)
(-0.082388 -0.0982419 0)
(-0.0570927 -0.0947868 0)
(-0.0325986 -0.0804533 0)
(-0.0126181 -0.0550623 0)
(-0.00216657 -0.0202398 0)
(-0.00258063 0.0272504 0)
(-0.0143604 0.0707673 0)
(-0.036194 0.100681 0)
(-0.0624248 0.116727 0)
(-0.0892338 0.120183 0)
(-0.114299 0.113005 0)
(-0.136029 0.0973416 0)
(-0.1534 0.0752541 0)
(-0.165803 0.0485894 0)
(-0.172866 0.0189878 0)
(-0.174333 -0.0120188 0)
(-0.170009 -0.0428591 0)
(-0.159781 -0.0717647 0)
(-0.143704 -0.0966425 0)
(-0.122184 -0.115031 0)
(-0.0962184 -0.124198 0)
(-0.0676141 -0.121441 0)
(-0.0391678 -0.104602 0)
(-0.0154026 -0.0727788 0)
(-0.00270529 -0.0273636 0)
(-0.00312765 0.0353326 0)
(-0.0170003 0.0900989 0)
(-0.0421288 0.126378 0)
(-0.0715666 0.144671 0)
(-0.100856 0.147313 0)
(-0.127559 0.13726 0)
(-0.150218 0.117458 0)
(-0.168059 0.0905128 0)
(-0.180738 0.0585907 0)
(-0.188094 0.0234775 0)
(-0.18998 -0.0132533 0)
(-0.186184 -0.0500164 0)
(-0.176432 -0.0849715 0)
(-0.160492 -0.115805 0)
(-0.138398 -0.139592 0)
(-0.110791 -0.152827 0)
(-0.079276 -0.151716 0)
(-0.0468106 -0.132805 0)
(-0.0188092 -0.0939948 0)
(-0.00340789 -0.036095 0)
(-0.00383174 0.0449451 0)
(-0.0201478 0.11251 0)
(-0.0487493 0.155358 0)
(-0.0810798 0.175263 0)
(-0.112038 0.176146 0)
(-0.139248 0.162347 0)
(-0.161606 0.137808 0)
(-0.178786 0.105744 0)
(-0.190866 0.0686031 0)
(-0.198009 0.0282194 0)
(-0.200249 -0.013928 0)
(-0.197383 -0.0563967 0)
(-0.188958 -0.0974371 0)
(-0.174372 -0.134654 0)
(-0.153119 -0.164733 0)
(-0.125222 -0.183324 0)
(-0.0917679 -0.185262 0)
(-0.0555981 -0.165253 0)
(-0.0230085 -0.119252 0)
(-0.00434715 -0.0468316 0)
(-0.00479122 0.0564437 0)
(-0.0240143 0.138332 0)
(-0.0561196 0.187441 0)
(-0.0905556 0.207703 0)
(-0.12169 0.205417 0)
(-0.147544 0.186779 0)
(-0.167696 0.156933 0)
(-0.182525 0.119718 0)
(-0.192712 0.0777738 0)
(-0.19886 0.0328357 0)
(-0.201257 -0.0138884 0)
(-0.199756 -0.061299 0)
(-0.193737 -0.107956 0)
(-0.182168 -0.151608 0)
(-0.163847 -0.188725 0)
(-0.137869 -0.214158 0)
(-0.104342 -0.221118 0)
(-0.0654777 -0.201798 0)
(-0.0282285 -0.149088 0)
(-0.00564394 -0.0601058 0)
(-0.00619512 0.070385 0)
(-0.0289598 0.167899 0)
(-0.0642695 0.222037 0)
(-0.0992107 0.240471 0)
(-0.128006 0.233012 0)
(-0.149655 0.208259 0)
(-0.164878 0.172689 0)
(-0.17505 0.130676 0)
(-0.181611 0.0848759 0)
(-0.185687 0.0367239 0)
(-0.187879 -0.0130489 0)
(-0.188152 -0.0639089 0)
(-0.185769 -0.114987 0)
(-0.179295 -0.164483 0)
(-0.166735 -0.20898 0)
(-0.145965 -0.242758 0)
(-0.115521 -0.257324 0)
(-0.0761479 -0.241639 0)
(-0.0347847 -0.183932 0)
(-0.00750955 -0.0766668 0)
(-0.00839849 0.0876966 0)
(-0.035558 0.201456 0)
(-0.073027 0.257783 0)
(-0.105479 0.270896 0)
(-0.127945 0.255639 0)
(-0.141332 0.22349 0)
(-0.148056 0.18218 0)
(-0.150728 0.136336 0)
(-0.151605 0.0883311 0)
(-0.15232 0.0390539 0)
(-0.153781 -0.0114432 0)
(-0.156114 -0.0633931 0)
(-0.158586 -0.116753 0)
(-0.159497 -0.170538 0)
(-0.156147 -0.22194 0)
(-0.145042 -0.2652 0)
(-0.122551 -0.290408 0)
(-0.0867399 -0.282788 0)
(-0.0430702 -0.223865 0)
(-0.0103078 -0.0976139 0)
(-0.0120057 0.109929 0)
(-0.0445288 0.238849 0)
(-0.0814291 0.291868 0)
(-0.106044 0.294555 0)
(-0.116219 0.268506 0)
(-0.116044 0.228135 0)
(-0.110115 0.181898 0)
(-0.102286 0.134098 0)
(-0.0954515 0.0863904 0)
(-0.0915487 0.0388597 0)
(-0.091672 -0.00925967 0)
(-0.0961245 -0.0590688 0)
(-0.104345 -0.111513 0)
(-0.114696 -0.166762 0)
(-0.124153 -0.223228 0)
(-0.128086 -0.276026 0)
(-0.12038 -0.314781 0)
(-0.0950243 -0.321198 0)
(-0.0533222 -0.268053 0)
(-0.0145904 -0.124548 0)
(-0.0177741 0.139645 0)
(-0.0560192 0.278633 0)
(-0.0859675 0.318745 0)
(-0.0937094 0.304475 0)
(-0.0834618 0.265177 0)
(-0.06375 0.217134 0)
(-0.0412929 0.168257 0)
(-0.020678 0.121592 0)
(-0.00484884 0.0775695 0)
(0.00441532 0.035285 0)
(0.0061082 -0.00683108 0)
(-0.000194211 -0.0506491 0)
(-0.0143021 -0.0980534 0)
(-0.0351263 -0.150519 0)
(-0.0600966 -0.208255 0)
(-0.0843439 -0.268469 0)
(-0.0998085 -0.322189 0)
(-0.0955085 -0.349431 0)
(-0.0645732 -0.313534 0)
(-0.02085 -0.159784 0)
(-0.0256109 0.18131 0)
(-0.0667873 0.315759 0)
(-0.0760562 0.327547 0)
(-0.0531021 0.290016 0)
(-0.0132934 0.23779 0)
(0.0306348 0.185617 0)
(0.0712679 0.138667 0)
(0.104669 0.0976282 0)
(0.128899 0.061347 0)
(0.143034 0.0279901 0)
(0.146555 -0.00454139 0)
(0.139055 -0.0385109 0)
(0.120206 -0.0763552 0)
(0.090014 -0.120605 0)
(0.0495181 -0.173448 0)
(0.00210323 -0.235317 0)
(-0.0444023 -0.301365 0)
(-0.0753495 -0.35453 0)
(-0.07146 -0.352691 0)
(-0.0281555 -0.206915 0)
(-0.0297084 0.239188 0)
(-0.0614337 0.334925 0)
(-0.023799 0.298536 0)
(0.0468099 0.237137 0)
(0.121502 0.179267 0)
(0.188351 0.131461 0)
(0.243104 0.0936813 0)
(0.284712 0.063746 0)
(0.313478 0.039169 0)
(0.329978 0.0177013 0)
(0.33451 -0.00269323 0)
(0.326855 -0.0240292 0)
(0.306192 -0.0485579 0)
(0.271187 -0.0790416 0)
(0.220437 -0.118932 0)
(0.153673 -0.171952 0)
(0.074103 -0.239846 0)
(-0.0064502 -0.316065 0)
(-0.0559209 -0.366505 0)
(-0.028674 -0.266896 0)
(0.00812733 0.282028 0)
(0.0196555 0.29483 0)
(0.138235 0.210322 0)
(0.26239 0.142351 0)
(0.360622 0.0957394 0)
(0.4347 0.064216 0)
(0.489146 0.0427647 0)
(0.527547 0.0276728 0)
(0.552774 0.0163681 0)
(0.566798 0.00710649 0)
(0.570615 -0.00140206 0)
(0.564257 -0.0103114 0)
(0.546737 -0.0209383 0)
(0.515881 -0.0351459 0)
(0.468171 -0.0559019 0)
(0.398766 -0.0879768 0)
(0.301276 -0.138409 0)
(0.171257 -0.215272 0)
(0.0403853 -0.31094 0)
(0.0183179 -0.299834 0)
(0.299688 0.146179 0)
(0.396426 0.127548 0)
(0.557394 0.0760222 0)
(0.673996 0.0435468 0)
(0.742696 0.0253236 0)
(0.785138 0.0149691 0)
(0.812646 0.00895853 0)
(0.830394 0.00530874 0)
(0.841283 0.00290142 0)
(0.846959 0.00110851 0)
(0.848192 -0.000455768 0)
(0.845089 -0.00209602 0)
(0.837101 -0.00415937 0)
(0.822803 -0.00720397 0)
(0.799413 -0.0122921 0)
(0.761676 -0.0215329 0)
(0.697871 -0.0390625 0)
(0.58335 -0.0724839 0)
(0.415696 -0.127777 0)
(0.308844 -0.149489 0)
)
;

boundaryField
{
    movingWall
    {
        type            fixedValue;
        value           uniform (1 0 0);
    }
    fixedWalls
    {
        type            noSlip;
    }
    frontAndBack
    {
        type            empty;
    }
}


// ************************************************************************* //
