/*--------------------------------*- C++ -*----------------------------------*\
| =========                 |                                                 |
| \\      /  F ield         | OpenFOAM: The Open Source CFD Toolbox           |
|  \\    /   O peration     | Version:  2412                                  |
|   \\  /    A nd           | Website:  www.openfoam.com                      |
|    \\/     M anipulation  |                                                 |
\*---------------------------------------------------------------------------*/
FoamFile
{
    version     2.0;
    format      ascii;
    arch        "LSB;label=32;scalar=64";
    class       volScalarField;
    location    "0.05";
    object      Umag;
}
// * * * * * * * * * * * * * * * * * * * * * * * * * * * * * * * * * * * * * //

dimensions      [0 1 -1 0 0 0 0];

internalField   nonuniform List<scalar> 
400
(
0.000304324
0.000146355
0.00121523
0.0032494
0.00577962
0.00846101
0.0109909
0.0131219
0.0146661
0.015494
0.0155336
0.0147719
0.0132597
0.0111174
0.00853898
0.00579266
0.00320942
0.00115534
0.000170014
0.0003216
0.000146712
0.00210198
0.00603801
0.0113193
0.0174228
0.0237387
0.0296509
0.0346171
0.038209
0.0401267
0.0402052
0.0384212
0.0349009
0.0299267
0.0239356
0.0175025
0.0112884
0.00594185
0.00200139
0.000175798
0.00112528
0.00611266
0.0130421
0.021207
0.0300114
0.0388162
0.0469248
0.0536828
0.0585521
0.061148
0.0612583
0.0588563
0.0541086
0.0473751
0.0391953
0.0302496
0.0212777
0.0129671
0.00595959
0.00101301
0.00324825
0.0119826
0.0221817
0.0330645
0.0440429
0.0545727
0.0640373
0.0718214
0.077396
0.0803716
0.0805302
0.0778435
0.0724782
0.0647874
0.0552839
0.04459
0.0333561
0.0221916
0.0117865
0.00306076
0.00625326
0.0197586
0.0336321
0.0471961
0.0599891
0.0716703
0.0818315
0.0900259
0.0958422
0.0989626
0.0992023
0.0965309
0.0910734
0.0830924
0.0729536
0.0610805
0.0479023
0.0338509
0.0195677
0.00598842
0.0101115
0.0295211
0.0476262
0.0639595
0.0783086
0.0906539
0.100922
0.10896
0.114587
0.117635
0.117996
0.115638
0.110599
0.102964
0.0928284
0.0802747
0.0653761
0.0482718
0.029449
0.00978712
0.0148524
0.0413881
0.0643771
0.0836345
0.0993154
0.111848
0.121625
0.128921
0.133901
0.136641
0.13716
0.135428
0.131352
0.124743
0.11529
0.102582
0.0861828
0.0657979
0.0416496
0.0145269
0.0205612
0.0555382
0.0840966
0.106412
0.123142
0.135304
0.143901
0.149775
0.153567
0.155704
0.156396
0.155632
0.153139
0.14835
0.140403
0.128216
0.110653
0.0868067
0.0564896
0.0203555
0.0273723
0.0722097
0.106989
0.132371
0.149689
0.160731
0.16727
0.170865
0.172776
0.173906
0.174747
0.175328
0.175157
0.173178
0.167812
0.157108
0.138995
0.111695
0.0743908
0.027497
0.0354708
0.0916887
0.133215
0.161405
0.17853
0.187381
0.190688
0.190883
0.189997
0.189553
0.190442
0.192785
0.195827
0.19791
0.196571
0.188761
0.171179
0.140814
0.0958583
0.0362555
0.0451081
0.1143
0.162827
0.193108
0.208758
0.213885
0.212386
0.207716
0.202821
0.20001
0.200733
0.205282
0.212601
0.220312
0.224905
0.22201
0.206745
0.174355
0.121451
0.0470329
0.0566467
0.140401
0.195662
0.226586
0.238756
0.238024
0.229673
0.218283
0.207814
0.201553
0.201736
0.20895
0.221785
0.237002
0.249926
0.254699
0.2445
0.212155
0.151737
0.0603702
0.0706571
0.170378
0.231151
0.260133
0.265857
0.256453
0.23876
0.218446
0.200465
0.189284
0.188332
0.198709
0.218477
0.243313
0.267345
0.283262
0.282065
0.253354
0.187192
0.0770337
0.0880978
0.20457
0.267928
0.290707
0.28587
0.264429
0.234755
0.20324
0.175461
0.157247
0.154206
0.168494
0.196928
0.233501
0.271365
0.302272
0.315207
0.295792
0.22797
0.0981567
0.110583
0.242964
0.303014
0.313062
0.292579
0.255953
0.212631
0.168655
0.128741
0.0994547
0.0921385
0.112823
0.152719
0.202397
0.25543
0.304296
0.337014
0.33496
0.273305
0.1254
0.140772
0.284209
0.330134
0.318569
0.278001
0.226299
0.17325
0.123338
0.0777209
0.0355602
0.00916372
0.0506494
0.0990909
0.154563
0.216752
0.281406
0.337294
0.362248
0.320115
0.161139
0.18311
0.322745
0.336261
0.294837
0.238162
0.188128
0.155909
0.143132
0.142753
0.145747
0.146625
0.14429
0.142406
0.150492
0.180378
0.235326
0.304618
0.362449
0.359857
0.208822
0.241026
0.340513
0.299484
0.241712
0.216563
0.229691
0.26053
0.291761
0.315915
0.330452
0.334521
0.327737
0.310018
0.282471
0.250474
0.230614
0.251032
0.316131
0.370747
0.268432
0.282145
0.295484
0.251683
0.298517
0.373114
0.439417
0.491011
0.528272
0.553016
0.566843
0.570617
0.564351
0.547138
0.517077
0.471496
0.408356
0.331548
0.275084
0.313552
0.300393
0.333439
0.41644
0.562554
0.675401
0.743127
0.785281
0.812695
0.830411
0.841288
0.84696
0.848192
0.845092
0.837111
0.822835
0.799507
0.76198
0.698963
0.587836
0.434891
0.34312
)
;

boundaryField
{
    movingWall
    {
        type            calculated;
        value           uniform 1;
    }
    fixedWalls
    {
        type            calculated;
        value           uniform 0;
    }
    frontAndBack
    {
        type            empty;
    }
}


// ************************************************************************* //
