/*--------------------------------*- C++ -*----------------------------------*\
| =========                 |                                                 |
| \\      /  F ield         | OpenFOAM: The Open Source CFD Toolbox           |
|  \\    /   O peration     | Version:  2412                                  |
|   \\  /    A nd           | Website:  www.openfoam.com                      |
|    \\/     M anipulation  |                                                 |
\*---------------------------------------------------------------------------*/
FoamFile
{
    version     2.0;
    format      ascii;
    arch        "LSB;label=32;scalar=64";
    class       surfaceScalarField;
    location    "0.05";
    object      phi;
}
// * * * * * * * * * * * * * * * * * * * * * * * * * * * * * * * * * * * * * //

dimensions      [0 3 -1 0 0 0 0];

oriented        oriented;

internalField   nonuniform List<scalar> 
760
(
1.17879e-08
-1.17885e-08
-2.18003e-08
3.35882e-08
-1.04378e-07
8.2578e-08
-2.20607e-07
1.16229e-07
-3.52847e-07
1.3224e-07
-4.84749e-07
1.31901e-07
-6.02518e-07
1.17769e-07
-6.95299e-07
9.27809e-08
-7.55169e-07
5.98704e-08
-7.77086e-07
2.19178e-08
-7.58914e-07
-1.81725e-08
-7.0157e-07
-5.7344e-08
-6.09288e-07
-9.22818e-08
-4.89897e-07
-1.19392e-07
-3.54961e-07
-1.34936e-07
-2.19571e-07
-1.35391e-07
-1.01438e-07
-1.18133e-07
-1.89946e-08
-8.24433e-08
1.30292e-08
-3.20236e-08
1.30295e-08
-3.16039e-08
1.98159e-08
-1.62289e-07
1.64274e-07
-3.8658e-07
3.06869e-07
-6.76506e-07
4.06155e-07
-9.97022e-07
4.52756e-07
-1.31333e-06
4.48208e-07
-1.59456e-06
3.98998e-07
-1.8156e-06
3.13823e-07
-1.95783e-06
2.02098e-07
-2.00938e-06
7.34696e-08
-1.9654e-06
-6.21481e-08
-1.82841e-06
-1.94336e-07
-1.60871e-06
-3.11986e-07
-1.3247e-06
-4.034e-07
-1.00275e-06
-4.56886e-07
-6.76061e-07
-4.62079e-07
-3.81991e-07
-4.12203e-07
-1.57143e-07
-3.07291e-07
-2.90351e-08
-1.60131e-07
-1.60058e-08
-8.24006e-08
1.02217e-07
-3.16952e-07
3.98826e-07
-6.75601e-07
6.65517e-07
-1.11635e-06
8.469e-07
-1.59137e-06
9.27778e-07
-2.05372e-06
9.10558e-07
-2.46159e-06
8.06873e-07
-2.78074e-06
6.32965e-07
-2.98559e-06
4.06955e-07
-3.05986e-06
1.47741e-07
-2.9969e-06
-1.25116e-07
-2.80016e-06
-3.91076e-07
-2.48375e-06
-6.28391e-07
-2.07276e-06
-8.14391e-07
-1.60292e-06
-9.26724e-07
-1.11907e-06
-9.4593e-07
-6.7168e-07
-8.59593e-07
-3.11067e-07
-6.67905e-07
-7.9143e-08
-3.92054e-07
-9.51488e-08
-1.28706e-07
2.30922e-07
-4.64797e-07
7.34918e-07
-9.54371e-07
1.15509e-06
-1.53774e-06
1.43027e-06
-2.15399e-06
1.54402e-06
-2.7459e-06
1.50247e-06
-3.26363e-06
1.3246e-06
-3.66675e-06
1.03608e-06
-3.92523e-06
6.65436e-07
-4.01988e-06
2.42391e-07
-3.94268e-06
-2.02313e-07
-3.69732e-06
-6.36439e-07
-3.29986e-06
-1.02585e-06
-2.77934e-06
-1.33491e-06
-2.17776e-06
-1.5283e-06
-1.54877e-06
-1.57492e-06
-9.54409e-07
-1.45395e-06
-4.59614e-07
-1.1627e-06
-1.24941e-07
-7.26727e-07
-2.20089e-07
-1.71813e-07
4.02735e-07
-6.07934e-07
1.17104e-06
-1.22814e-06
1.7753e-06
-1.95271e-06
2.15484e-06
-2.70629e-06
2.29761e-06
-3.42171e-06
2.21789e-06
-4.04243e-06
1.94532e-06
-4.52365e-06
1.5173e-06
-4.83249e-06
9.74282e-07
-4.9479e-06
3.57805e-07
-4.86067e-06
-2.8955e-07
-4.5739e-06
-9.23205e-07
-4.10405e-06
-1.4957e-06
-3.48207e-06
-1.9569e-06
-2.75422e-06
-2.25615e-06
-1.98177e-06
-2.34737e-06
-1.23864e-06
-2.19708e-06
-6.06602e-07
-1.79474e-06
-1.68308e-07
-1.16502e-06
-3.88397e-07
-2.14828e-07
6.17563e-07
-7.5315e-07
1.70936e-06
-1.50751e-06
2.52966e-06
-2.37605e-06
3.02337e-06
-3.26765e-06
3.18921e-06
-4.10511e-06
3.05535e-06
-4.82616e-06
2.66637e-06
-5.38311e-06
2.07424e-06
-5.74163e-06
1.33281e-06
-5.87969e-06
4.95862e-07
-5.78693e-06
-3.82313e-07
-5.46508e-06
-1.24505e-06
-4.92937e-06
-2.03141e-06
-4.21063e-06
-2.67564e-06
-3.35759e-06
-3.1092e-06
-2.43821e-06
-3.26674e-06
-1.53903e-06
-3.09627e-06
-7.61188e-07
-2.57258e-06
-2.13119e-07
-1.71309e-06
-6.01517e-07
-2.60712e-07
8.78275e-07
-9.07561e-07
2.35621e-06
-1.80293e-06
3.42504e-06
-2.82022e-06
4.04066e-06
-3.85134e-06
4.22033e-06
-4.80933e-06
4.01334e-06
-5.62759e-06
3.48464e-06
-6.25739e-06
2.70404e-06
-6.66472e-06
1.74013e-06
-6.82763e-06
6.58779e-07
-6.73483e-06
-4.75116e-07
-6.38576e-06
-1.59412e-06
-5.79254e-06
-2.62464e-06
-4.98337e-06
-3.4848e-06
-4.00692e-06
-4.08565e-06
-2.93624e-06
-4.33742e-06
-1.87065e-06
-4.16186e-06
-9.33355e-07
-3.50988e-06
-2.63337e-07
-2.38311e-06
-8.64853e-07
-3.12071e-07
1.19035e-06
-1.0774e-06
3.12154e-06
-2.12253e-06
4.47016e-06
-3.29252e-06
5.21065e-06
-4.46138e-06
5.38919e-06
-5.53361e-06
5.08557e-06
-6.4408e-06
4.39183e-06
-7.13607e-06
3.3993e-06
-7.58824e-06
2.1923e-06
-7.7772e-06
8.47746e-07
-7.69118e-06
-5.61145e-07
-7.3264e-06
-1.9589e-06
-6.68957e-06
-3.26147e-06
-5.80281e-06
-4.37155e-06
-4.71079e-06
-5.17768e-06
-3.48835e-06
-5.55985e-06
-2.24641e-06
-5.4038e-06
-1.13256e-06
-4.62372e-06
-3.22769e-07
-3.1929e-06
-1.18762e-06
-3.71313e-07
1.56166e-06
-1.26782e-06
4.01804e-06
-2.47107e-06
5.67341e-06
-3.79303e-06
6.53261e-06
-5.08957e-06
6.68573e-06
-6.25949e-06
6.25549e-06
-7.23688e-06
5.36922e-06
-7.98119e-06
4.14361e-06
-8.46792e-06
2.67903e-06
-8.68135e-06
1.06118e-06
-8.61022e-06
-6.32278e-07
-8.24676e-06
-2.32235e-06
-7.58948e-06
-3.91875e-06
-6.64979e-06
-5.31124e-06
-5.46238e-06
-6.36509e-06
-4.09793e-06
-6.92431e-06
-2.67518e-06
-6.82655e-06
-1.36725e-06
-5.93165e-06
-3.95209e-07
-4.16494e-06
-1.58283e-06
-4.4118e-07
2.00284e-06
-1.48347e-06
5.06033e-06
-2.84963e-06
7.03957e-06
-4.31278e-06
7.99577e-06
-5.71201e-06
8.08496e-06
-6.94598e-06
7.48946e-06
-7.95818e-06
6.38142e-06
-8.721e-06
4.90644e-06
-9.22189e-06
3.17993e-06
-9.45316e-06
1.29244e-06
-9.4058e-06
-6.79643e-07
-9.06759e-06
-2.66056e-06
-8.42587e-06
-4.56047e-06
-7.47556e-06
-6.26155e-06
-6.233e-06
-7.60765e-06
-4.75498e-06
-8.40233e-06
-3.15999e-06
-8.42154e-06
-1.64486e-06
-7.44677e-06
-4.84884e-07
-5.32492e-06
-2.06772e-06
-5.25744e-07
2.52858e-06
-1.72965e-06
6.26423e-06
-3.2553e-06
8.56522e-06
-4.83108e-06
9.57155e-06
-6.28426e-06
9.53814e-06
-7.52314e-06
8.72834e-06
-8.51106e-06
7.36934e-06
-9.24224e-06
5.63761e-06
-9.7228e-06
3.66048e-06
-9.9576e-06
1.52725e-06
-9.94239e-06
-6.94847e-07
-9.66079e-06
-2.94216e-06
-9.08641e-06
-5.13486e-06
-8.19137e-06
-7.15659e-06
-6.96298e-06
-8.83604e-06
-5.42975e-06
-9.93556e-06
-3.69523e-06
-1.01561e-05
-1.97188e-06
-9.17012e-06
-5.97286e-07
-6.69951e-06
-2.665e-06
-6.32148e-07
3.16073e-06
-2.01384e-06
7.64593e-06
-3.67986e-06
1.02312e-05
-5.31059e-06
1.12023e-05
-6.73352e-06
1.09611e-05
-7.88295e-06
9.87776e-06
-8.75667e-06
8.24306e-06
-9.38158e-06
6.26253e-06
-9.78983e-06
4.06873e-06
-1.00036e-05
1.74106e-06
-1.00266e-05
-6.71925e-07
-9.83941e-06
-3.12931e-06
-9.40098e-06
-5.57329e-06
-8.65526e-06
-7.90231e-06
-7.5488e-06
-9.9425e-06
-6.06269e-06
-1.14217e-05
-4.26143e-06
-1.19573e-05
-2.35347e-06
-1.10781e-05
-7.40593e-07
-8.31239e-06
-3.40559e-06
-7.73585e-07
3.93432e-06
-2.34693e-06
9.21927e-06
-4.10503e-06
1.19893e-05
-5.68664e-06
1.27839e-05
-6.94483e-06
1.22193e-05
-7.86537e-06
1.07983e-05
-8.49905e-06
8.87673e-06
-8.91665e-06
6.68013e-06
-9.18233e-06
4.33441e-06
-9.33916e-06
1.89789e-06
-9.40129e-06
-6.09793e-07
-9.34955e-06
-3.18105e-06
-9.12981e-06
-5.79304e-06
-8.65619e-06
-8.37593e-06
-7.82493e-06
-1.07738e-05
-6.54771e-06
-1.26989e-05
-4.81477e-06
-1.36903e-05
-2.7914e-06
-1.31014e-05
-9.27949e-07
-1.01758e-05
-4.33354e-06
-9.73816e-07
4.90813e-06
-2.74107e-06
1.09865e-05
-4.48794e-06
1.37362e-05
-5.84387e-06
1.41398e-05
-6.73562e-06
1.3111e-05
-7.23645e-06
1.12991e-05
-7.46977e-06
9.11006e-06
-7.55758e-06
6.76794e-06
-7.59702e-06
4.37386e-06
-7.65146e-06
1.95232e-06
-7.74677e-06
-5.14485e-07
-7.86792e-06
-3.0599e-06
-7.95441e-06
-5.70655e-06
-7.8964e-06
-8.43394e-06
-7.53833e-06
-1.11318e-05
-6.70406e-06
-1.35332e-05
-5.26518e-06
-1.51291e-05
-3.27605e-06
-1.50906e-05
-1.1803e-06
-1.22716e-05
-5.51384e-06
-1.27103e-06
6.17917e-06
-3.19363e-06
1.29091e-05
-4.72153e-06
1.52641e-05
-5.56642e-06
1.49847e-05
-5.80983e-06
1.33544e-05
-5.65461e-06
1.11439e-05
-5.3088e-06
8.76425e-06
-4.94127e-06
6.40041e-06
-4.67246e-06
4.10505e-06
-4.57791e-06
1.85777e-06
-4.69263e-06
-3.99772e-07
-5.0103e-06
-2.74222e-06
-5.47648e-06
-5.24037e-06
-5.97507e-06
-7.93536e-06
-6.31443e-06
-1.07925e-05
-6.229e-06
-1.36186e-05
-5.43017e-06
-1.5928e-05
-3.76082e-06
-1.67599e-05
-1.52589e-06
-1.45065e-05
-7.03973e-06
-1.7069e-06
7.88606e-06
-3.6244e-06
1.48266e-05
-4.53549e-06
1.61752e-05
-4.43823e-06
1.48874e-05
-3.68099e-06
1.25972e-05
-2.62397e-06
1.00869e-05
-1.54556e-06
7.68584e-06
-6.33864e-07
5.48871e-06
-6.44838e-09
3.47764e-06
2.6738e-07
1.58394e-06
1.52241e-07
-2.84633e-07
-3.58292e-07
-2.23169e-06
-1.23284e-06
-4.36582e-06
-2.38067e-06
-6.78753e-06
-3.61634e-06
-9.55679e-06
-4.62133e-06
-1.26136e-05
-4.93902e-06
-1.56103e-05
-4.08633e-06
-1.76126e-05
-1.97843e-06
-1.66144e-05
-9.01816e-06
-2.25676e-06
1.01428e-05
-3.68346e-06
1.62533e-05
-3.27117e-06
1.57629e-05
-1.66218e-06
1.32785e-05
4.39357e-07
1.04957e-05
2.55528e-06
7.97097e-06
4.40626e-06
5.83485e-06
5.84644e-06
4.04853e-06
6.80504e-06
2.51904e-06
7.24637e-06
1.14261e-06
7.14721e-06
-1.85472e-07
6.48907e-06
-1.57354e-06
5.26341e-06
-3.14016e-06
3.49537e-06
-5.01949e-06
1.2934e-06
-7.35481e-06
-1.06846e-06
-1.02517e-05
-3.04899e-06
-1.36297e-05
-3.7899e-06
-1.68717e-05
-2.44831e-06
-1.7956e-05
-1.14665e-05
-2.58793e-06
1.27307e-05
-2.24403e-06
1.59094e-05
5.78927e-07
1.294e-05
4.22471e-06
9.63268e-06
7.76488e-06
6.95548e-06
1.08039e-05
4.93199e-06
1.32093e-05
3.42944e-06
1.49655e-05
2.29234e-06
1.60954e-05
1.38913e-06
1.66208e-05
6.17212e-07
1.65435e-05
-1.08178e-07
1.58375e-05
-8.67583e-07
1.44492e-05
-1.75183e-06
1.23092e-05
-2.87949e-06
9.37116e-06
-4.41679e-06
5.70465e-06
-6.58523e-06
1.6854e-06
-9.61049e-06
-1.67344e-06
-1.35129e-05
-2.49152e-06
-1.71379e-05
-1.3958e-05
-7.85996e-07
1.35167e-05
4.05791e-06
1.10655e-05
1.02259e-05
6.77202e-06
1.56485e-05
4.21002e-06
1.99226e-05
2.68139e-06
2.31261e-05
1.7285e-06
2.54372e-05
1.11836e-06
2.7021e-05
7.08471e-07
2.79991e-05
4.11056e-07
2.84443e-05
1.72018e-07
2.8382e-05
-4.58558e-08
2.77886e-05
-2.74163e-07
2.65864e-05
-5.49695e-07
2.46339e-05
-9.26992e-07
2.17178e-05
-1.50062e-06
1.75742e-05
-2.44166e-06
1.20209e-05
-4.05718e-06
5.40356e-06
-6.89558e-06
-1.49458e-07
-1.15849e-05
-1.41074e-05
1.35167e-05
2.45823e-05
3.13543e-05
3.55643e-05
3.82457e-05
3.99742e-05
4.10926e-05
4.1801e-05
4.22121e-05
4.23841e-05
4.23382e-05
4.20641e-05
4.15144e-05
4.05874e-05
3.90868e-05
3.66451e-05
3.25879e-05
2.56924e-05
1.41074e-05
)
;

boundaryField
{
    movingWall
    {
        type            calculated;
        value           uniform 0;
    }
    fixedWalls
    {
        type            calculated;
        value           uniform 0;
    }
    frontAndBack
    {
        type            empty;
    }
}


// ************************************************************************* //
